header: 
  seq: 207693
  stamp: 
    secs: 1598579712
    nsecs: 112197650
  frame_id: "odom"
child_frame_id: "base_link"
pose: 
  pose: 
    position: 
      x: -0.004902032437760954
      y: -0.3128221859560635
      z: 0.0
    orientation: 
      x: 0.0
      y: -0.0
      z: -0.018888577272497417
      w: -0.9998215949101223
  covariance: [0.2, 0.0, 0.0, 0.0, 0.0, 0.0, 0.0, 0.2, 0.0, 0.0, 0.0, 0.0, 0.0, 0.0, 0.2, 0.0, 0.0, 0.0, 0.0, 0.0, 0.0, 0.2, 0.0, 0.0, 0.0, 0.0, 0.0, 0.0, 0.2, 0.0, 0.0, 0.0, 0.0, 0.0, 0.0, 0.2]
twist: 
  twist: 
    linear: 
      x: 0.0
      y: 0.0
      z: 0.0
    angular: 
      x: 0.0
      y: 0.0
      z: 0.0
  covariance: [0.2, 0.0, 0.0, 0.0, 0.0, 0.0, 0.0, 0.2, 0.0, 0.0, 0.0, 0.0, 0.0, 0.0, 0.2, 0.0, 0.0, 0.0, 0.0, 0.0, 0.0, 0.2, 0.0, 0.0, 0.0, 0.0, 0.0, 0.0, 0.2, 0.0, 0.0, 0.0, 0.0, 0.0, 0.0, 0.2]header: 
  seq: 207694
  stamp: 
    secs: 1598579712
    nsecs: 162195119
  frame_id: "odom"
child_frame_id: "base_link"
pose: 
  pose: 
    position: 
      x: -0.004902032437760954
      y: -0.3128221859560635
      z: 0.0
    orientation: 
      x: 0.0
      y: -0.0
      z: -0.018888577272497417
      w: -0.9998215949101223
  covariance: [0.2, 0.0, 0.0, 0.0, 0.0, 0.0, 0.0, 0.2, 0.0, 0.0, 0.0, 0.0, 0.0, 0.0, 0.2, 0.0, 0.0, 0.0, 0.0, 0.0, 0.0, 0.2, 0.0, 0.0, 0.0, 0.0, 0.0, 0.0, 0.2, 0.0, 0.0, 0.0, 0.0, 0.0, 0.0, 0.2]
twist: 
  twist: 
    linear: 
      x: 0.0
      y: 0.0
      z: 0.0
    angular: 
      x: 0.0
      y: 0.0
      z: 0.0
  covariance: [0.2, 0.0, 0.0, 0.0, 0.0, 0.0, 0.0, 0.2, 0.0, 0.0, 0.0, 0.0, 0.0, 0.0, 0.2, 0.0, 0.0, 0.0, 0.0, 0.0, 0.0, 0.2, 0.0, 0.0, 0.0, 0.0, 0.0, 0.0, 0.2, 0.0, 0.0, 0.0, 0.0, 0.0, 0.0, 0.2]header: 
  seq: 207695
  stamp: 
    secs: 1598579712
    nsecs: 212197940
  frame_id: "odom"
child_frame_id: "base_link"
pose: 
  pose: 
    position: 
      x: -0.004902032437760954
      y: -0.3128221859560635
      z: 0.0
    orientation: 
      x: 0.0
      y: -0.0
      z: -0.018888577272497417
      w: -0.9998215949101223
  covariance: [0.2, 0.0, 0.0, 0.0, 0.0, 0.0, 0.0, 0.2, 0.0, 0.0, 0.0, 0.0, 0.0, 0.0, 0.2, 0.0, 0.0, 0.0, 0.0, 0.0, 0.0, 0.2, 0.0, 0.0, 0.0, 0.0, 0.0, 0.0, 0.2, 0.0, 0.0, 0.0, 0.0, 0.0, 0.0, 0.2]
twist: 
  twist: 
    linear: 
      x: 0.0
      y: 0.0
      z: 0.0
    angular: 
      x: 0.0
      y: 0.0
      z: 0.0
  covariance: [0.2, 0.0, 0.0, 0.0, 0.0, 0.0, 0.0, 0.2, 0.0, 0.0, 0.0, 0.0, 0.0, 0.0, 0.2, 0.0, 0.0, 0.0, 0.0, 0.0, 0.0, 0.2, 0.0, 0.0, 0.0, 0.0, 0.0, 0.0, 0.2, 0.0, 0.0, 0.0, 0.0, 0.0, 0.0, 0.2]header: 
  seq: 207696
  stamp: 
    secs: 1598579712
    nsecs: 262200983
  frame_id: "odom"
child_frame_id: "base_link"
pose: 
  pose: 
    position: 
      x: -0.004902032437760954
      y: -0.3128221859560635
      z: 0.0
    orientation: 
      x: 0.0
      y: -0.0
      z: -0.018888577272497417
      w: -0.9998215949101223
  covariance: [0.2, 0.0, 0.0, 0.0, 0.0, 0.0, 0.0, 0.2, 0.0, 0.0, 0.0, 0.0, 0.0, 0.0, 0.2, 0.0, 0.0, 0.0, 0.0, 0.0, 0.0, 0.2, 0.0, 0.0, 0.0, 0.0, 0.0, 0.0, 0.2, 0.0, 0.0, 0.0, 0.0, 0.0, 0.0, 0.2]
twist: 
  twist: 
    linear: 
      x: 0.0
      y: 0.0
      z: 0.0
    angular: 
      x: 0.0
      y: 0.0
      z: 0.0
  covariance: [0.2, 0.0, 0.0, 0.0, 0.0, 0.0, 0.0, 0.2, 0.0, 0.0, 0.0, 0.0, 0.0, 0.0, 0.2, 0.0, 0.0, 0.0, 0.0, 0.0, 0.0, 0.2, 0.0, 0.0, 0.0, 0.0, 0.0, 0.0, 0.2, 0.0, 0.0, 0.0, 0.0, 0.0, 0.0, 0.2]header: 
  seq: 207697
  stamp: 
    secs: 1598579712
    nsecs: 312196415
  frame_id: "odom"
child_frame_id: "base_link"
pose: 
  pose: 
    position: 
      x: -0.004902032437760954
      y: -0.3128221859560635
      z: 0.0
    orientation: 
      x: 0.0
      y: -0.0
      z: -0.018888577272497417
      w: -0.9998215949101223
  covariance: [0.2, 0.0, 0.0, 0.0, 0.0, 0.0, 0.0, 0.2, 0.0, 0.0, 0.0, 0.0, 0.0, 0.0, 0.2, 0.0, 0.0, 0.0, 0.0, 0.0, 0.0, 0.2, 0.0, 0.0, 0.0, 0.0, 0.0, 0.0, 0.2, 0.0, 0.0, 0.0, 0.0, 0.0, 0.0, 0.2]
twist: 
  twist: 
    linear: 
      x: 0.0
      y: 0.0
      z: 0.0
    angular: 
      x: 0.0
      y: 0.0
      z: 0.0
  covariance: [0.2, 0.0, 0.0, 0.0, 0.0, 0.0, 0.0, 0.2, 0.0, 0.0, 0.0, 0.0, 0.0, 0.0, 0.2, 0.0, 0.0, 0.0, 0.0, 0.0, 0.0, 0.2, 0.0, 0.0, 0.0, 0.0, 0.0, 0.0, 0.2, 0.0, 0.0, 0.0, 0.0, 0.0, 0.0, 0.2]header: 
  seq: 207698
  stamp: 
    secs: 1598579712
    nsecs: 362200903
  frame_id: "odom"
child_frame_id: "base_link"
pose: 
  pose: 
    position: 
      x: -0.004902032437760954
      y: -0.3128221859560635
      z: 0.0
    orientation: 
      x: 0.0
      y: -0.0
      z: -0.018888577272497417
      w: -0.9998215949101223
  covariance: [0.2, 0.0, 0.0, 0.0, 0.0, 0.0, 0.0, 0.2, 0.0, 0.0, 0.0, 0.0, 0.0, 0.0, 0.2, 0.0, 0.0, 0.0, 0.0, 0.0, 0.0, 0.2, 0.0, 0.0, 0.0, 0.0, 0.0, 0.0, 0.2, 0.0, 0.0, 0.0, 0.0, 0.0, 0.0, 0.2]
twist: 
  twist: 
    linear: 
      x: 0.0
      y: 0.0
      z: 0.0
    angular: 
      x: 0.0
      y: 0.0
      z: 0.0
  covariance: [0.2, 0.0, 0.0, 0.0, 0.0, 0.0, 0.0, 0.2, 0.0, 0.0, 0.0, 0.0, 0.0, 0.0, 0.2, 0.0, 0.0, 0.0, 0.0, 0.0, 0.0, 0.2, 0.0, 0.0, 0.0, 0.0, 0.0, 0.0, 0.2, 0.0, 0.0, 0.0, 0.0, 0.0, 0.0, 0.2]header: 
  seq: 207699
  stamp: 
    secs: 1598579712
    nsecs: 412196965
  frame_id: "odom"
child_frame_id: "base_link"
pose: 
  pose: 
    position: 
      x: -0.004902032437760954
      y: -0.3128221859560635
      z: 0.0
    orientation: 
      x: 0.0
      y: -0.0
      z: -0.018888577272497417
      w: -0.9998215949101223
  covariance: [0.2, 0.0, 0.0, 0.0, 0.0, 0.0, 0.0, 0.2, 0.0, 0.0, 0.0, 0.0, 0.0, 0.0, 0.2, 0.0, 0.0, 0.0, 0.0, 0.0, 0.0, 0.2, 0.0, 0.0, 0.0, 0.0, 0.0, 0.0, 0.2, 0.0, 0.0, 0.0, 0.0, 0.0, 0.0, 0.2]
twist: 
  twist: 
    linear: 
      x: 0.0
      y: 0.0
      z: 0.0
    angular: 
      x: 0.0
      y: 0.0
      z: 0.0
  covariance: [0.2, 0.0, 0.0, 0.0, 0.0, 0.0, 0.0, 0.2, 0.0, 0.0, 0.0, 0.0, 0.0, 0.0, 0.2, 0.0, 0.0, 0.0, 0.0, 0.0, 0.0, 0.2, 0.0, 0.0, 0.0, 0.0, 0.0, 0.0, 0.2, 0.0, 0.0, 0.0, 0.0, 0.0, 0.0, 0.2]header: 
  seq: 207700
  stamp: 
    secs: 1598579712
    nsecs: 462197879
  frame_id: "odom"
child_frame_id: "base_link"
pose: 
  pose: 
    position: 
      x: -0.004902032437760954
      y: -0.3128221859560635
      z: 0.0
    orientation: 
      x: 0.0
      y: -0.0
      z: -0.018888577272497417
      w: -0.9998215949101223
  covariance: [0.2, 0.0, 0.0, 0.0, 0.0, 0.0, 0.0, 0.2, 0.0, 0.0, 0.0, 0.0, 0.0, 0.0, 0.2, 0.0, 0.0, 0.0, 0.0, 0.0, 0.0, 0.2, 0.0, 0.0, 0.0, 0.0, 0.0, 0.0, 0.2, 0.0, 0.0, 0.0, 0.0, 0.0, 0.0, 0.2]
twist: 
  twist: 
    linear: 
      x: 0.0
      y: 0.0
      z: 0.0
    angular: 
      x: 0.0
      y: 0.0
      z: 0.0
  covariance: [0.2, 0.0, 0.0, 0.0, 0.0, 0.0, 0.0, 0.2, 0.0, 0.0, 0.0, 0.0, 0.0, 0.0, 0.2, 0.0, 0.0, 0.0, 0.0, 0.0, 0.0, 0.2, 0.0, 0.0, 0.0, 0.0, 0.0, 0.0, 0.2, 0.0, 0.0, 0.0, 0.0, 0.0, 0.0, 0.2]header: 
  seq: 207701
  stamp: 
    secs: 1598579712
    nsecs: 512199477
  frame_id: "odom"
child_frame_id: "base_link"
pose: 
  pose: 
    position: 
      x: -0.004902032437760954
      y: -0.3128221859560635
      z: 0.0
    orientation: 
      x: 0.0
      y: -0.0
      z: -0.018888577272497417
      w: -0.9998215949101223
  covariance: [0.2, 0.0, 0.0, 0.0, 0.0, 0.0, 0.0, 0.2, 0.0, 0.0, 0.0, 0.0, 0.0, 0.0, 0.2, 0.0, 0.0, 0.0, 0.0, 0.0, 0.0, 0.2, 0.0, 0.0, 0.0, 0.0, 0.0, 0.0, 0.2, 0.0, 0.0, 0.0, 0.0, 0.0, 0.0, 0.2]
twist: 
  twist: 
    linear: 
      x: 0.0
      y: 0.0
      z: 0.0
    angular: 
      x: 0.0
      y: 0.0
      z: 0.0
  covariance: [0.2, 0.0, 0.0, 0.0, 0.0, 0.0, 0.0, 0.2, 0.0, 0.0, 0.0, 0.0, 0.0, 0.0, 0.2, 0.0, 0.0, 0.0, 0.0, 0.0, 0.0, 0.2, 0.0, 0.0, 0.0, 0.0, 0.0, 0.0, 0.2, 0.0, 0.0, 0.0, 0.0, 0.0, 0.0, 0.2]header: 
  seq: 207702
  stamp: 
    secs: 1598579712
    nsecs: 562196021
  frame_id: "odom"
child_frame_id: "base_link"
pose: 
  pose: 
    position: 
      x: -0.004902032437760954
      y: -0.3128221859560635
      z: 0.0
    orientation: 
      x: 0.0
      y: -0.0
      z: -0.018888577272497417
      w: -0.9998215949101223
  covariance: [0.2, 0.0, 0.0, 0.0, 0.0, 0.0, 0.0, 0.2, 0.0, 0.0, 0.0, 0.0, 0.0, 0.0, 0.2, 0.0, 0.0, 0.0, 0.0, 0.0, 0.0, 0.2, 0.0, 0.0, 0.0, 0.0, 0.0, 0.0, 0.2, 0.0, 0.0, 0.0, 0.0, 0.0, 0.0, 0.2]
twist: 
  twist: 
    linear: 
      x: 0.0
      y: 0.0
      z: 0.0
    angular: 
      x: 0.0
      y: 0.0
      z: 0.0
  covariance: [0.2, 0.0, 0.0, 0.0, 0.0, 0.0, 0.0, 0.2, 0.0, 0.0, 0.0, 0.0, 0.0, 0.0, 0.2, 0.0, 0.0, 0.0, 0.0, 0.0, 0.0, 0.2, 0.0, 0.0, 0.0, 0.0, 0.0, 0.0, 0.2, 0.0, 0.0, 0.0, 0.0, 0.0, 0.0, 0.2]header: 
  seq: 207703
  stamp: 
    secs: 1598579712
    nsecs: 612196286
  frame_id: "odom"
child_frame_id: "base_link"
pose: 
  pose: 
    position: 
      x: -0.004902032437760954
      y: -0.3128221859560635
      z: 0.0
    orientation: 
      x: 0.0
      y: -0.0
      z: -0.018888577272497417
      w: -0.9998215949101223
  covariance: [0.2, 0.0, 0.0, 0.0, 0.0, 0.0, 0.0, 0.2, 0.0, 0.0, 0.0, 0.0, 0.0, 0.0, 0.2, 0.0, 0.0, 0.0, 0.0, 0.0, 0.0, 0.2, 0.0, 0.0, 0.0, 0.0, 0.0, 0.0, 0.2, 0.0, 0.0, 0.0, 0.0, 0.0, 0.0, 0.2]
twist: 
  twist: 
    linear: 
      x: 0.0
      y: 0.0
      z: 0.0
    angular: 
      x: 0.0
      y: 0.0
      z: 0.0
  covariance: [0.2, 0.0, 0.0, 0.0, 0.0, 0.0, 0.0, 0.2, 0.0, 0.0, 0.0, 0.0, 0.0, 0.0, 0.2, 0.0, 0.0, 0.0, 0.0, 0.0, 0.0, 0.2, 0.0, 0.0, 0.0, 0.0, 0.0, 0.0, 0.2, 0.0, 0.0, 0.0, 0.0, 0.0, 0.0, 0.2]header: 
  seq: 207704
  stamp: 
    secs: 1598579712
    nsecs: 662195052
  frame_id: "odom"
child_frame_id: "base_link"
pose: 
  pose: 
    position: 
      x: -0.004902032437760954
      y: -0.3128221859560635
      z: 0.0
    orientation: 
      x: 0.0
      y: -0.0
      z: -0.018888577272497417
      w: -0.9998215949101223
  covariance: [0.2, 0.0, 0.0, 0.0, 0.0, 0.0, 0.0, 0.2, 0.0, 0.0, 0.0, 0.0, 0.0, 0.0, 0.2, 0.0, 0.0, 0.0, 0.0, 0.0, 0.0, 0.2, 0.0, 0.0, 0.0, 0.0, 0.0, 0.0, 0.2, 0.0, 0.0, 0.0, 0.0, 0.0, 0.0, 0.2]
twist: 
  twist: 
    linear: 
      x: 0.0
      y: 0.0
      z: 0.0
    angular: 
      x: 0.0
      y: 0.0
      z: 0.0
  covariance: [0.2, 0.0, 0.0, 0.0, 0.0, 0.0, 0.0, 0.2, 0.0, 0.0, 0.0, 0.0, 0.0, 0.0, 0.2, 0.0, 0.0, 0.0, 0.0, 0.0, 0.0, 0.2, 0.0, 0.0, 0.0, 0.0, 0.0, 0.0, 0.2, 0.0, 0.0, 0.0, 0.0, 0.0, 0.0, 0.2]header: 
  seq: 207705
  stamp: 
    secs: 1598579712
    nsecs: 712200151
  frame_id: "odom"
child_frame_id: "base_link"
pose: 
  pose: 
    position: 
      x: -0.004902032437760954
      y: -0.3128221859560635
      z: 0.0
    orientation: 
      x: 0.0
      y: -0.0
      z: -0.018888577272497417
      w: -0.9998215949101223
  covariance: [0.2, 0.0, 0.0, 0.0, 0.0, 0.0, 0.0, 0.2, 0.0, 0.0, 0.0, 0.0, 0.0, 0.0, 0.2, 0.0, 0.0, 0.0, 0.0, 0.0, 0.0, 0.2, 0.0, 0.0, 0.0, 0.0, 0.0, 0.0, 0.2, 0.0, 0.0, 0.0, 0.0, 0.0, 0.0, 0.2]
twist: 
  twist: 
    linear: 
      x: 0.0
      y: 0.0
      z: 0.0
    angular: 
      x: 0.0
      y: 0.0
      z: 0.0
  covariance: [0.2, 0.0, 0.0, 0.0, 0.0, 0.0, 0.0, 0.2, 0.0, 0.0, 0.0, 0.0, 0.0, 0.0, 0.2, 0.0, 0.0, 0.0, 0.0, 0.0, 0.0, 0.2, 0.0, 0.0, 0.0, 0.0, 0.0, 0.0, 0.2, 0.0, 0.0, 0.0, 0.0, 0.0, 0.0, 0.2]header: 
  seq: 207706
  stamp: 
    secs: 1598579712
    nsecs: 762197564
  frame_id: "odom"
child_frame_id: "base_link"
pose: 
  pose: 
    position: 
      x: -0.004902032437760954
      y: -0.3128221859560635
      z: 0.0
    orientation: 
      x: 0.0
      y: -0.0
      z: -0.018888577272497417
      w: -0.9998215949101223
  covariance: [0.2, 0.0, 0.0, 0.0, 0.0, 0.0, 0.0, 0.2, 0.0, 0.0, 0.0, 0.0, 0.0, 0.0, 0.2, 0.0, 0.0, 0.0, 0.0, 0.0, 0.0, 0.2, 0.0, 0.0, 0.0, 0.0, 0.0, 0.0, 0.2, 0.0, 0.0, 0.0, 0.0, 0.0, 0.0, 0.2]
twist: 
  twist: 
    linear: 
      x: 0.0
      y: 0.0
      z: 0.0
    angular: 
      x: 0.0
      y: 0.0
      z: 0.0
  covariance: [0.2, 0.0, 0.0, 0.0, 0.0, 0.0, 0.0, 0.2, 0.0, 0.0, 0.0, 0.0, 0.0, 0.0, 0.2, 0.0, 0.0, 0.0, 0.0, 0.0, 0.0, 0.2, 0.0, 0.0, 0.0, 0.0, 0.0, 0.0, 0.2, 0.0, 0.0, 0.0, 0.0, 0.0, 0.0, 0.2]header: 
  seq: 207707
  stamp: 
    secs: 1598579712
    nsecs: 812199126
  frame_id: "odom"
child_frame_id: "base_link"
pose: 
  pose: 
    position: 
      x: -0.004902032437760954
      y: -0.3128221859560635
      z: 0.0
    orientation: 
      x: 0.0
      y: -0.0
      z: -0.018888577272497417
      w: -0.9998215949101223
  covariance: [0.2, 0.0, 0.0, 0.0, 0.0, 0.0, 0.0, 0.2, 0.0, 0.0, 0.0, 0.0, 0.0, 0.0, 0.2, 0.0, 0.0, 0.0, 0.0, 0.0, 0.0, 0.2, 0.0, 0.0, 0.0, 0.0, 0.0, 0.0, 0.2, 0.0, 0.0, 0.0, 0.0, 0.0, 0.0, 0.2]
twist: 
  twist: 
    linear: 
      x: 0.0
      y: 0.0
      z: 0.0
    angular: 
      x: 0.0
      y: 0.0
      z: 0.0
  covariance: [0.2, 0.0, 0.0, 0.0, 0.0, 0.0, 0.0, 0.2, 0.0, 0.0, 0.0, 0.0, 0.0, 0.0, 0.2, 0.0, 0.0, 0.0, 0.0, 0.0, 0.0, 0.2, 0.0, 0.0, 0.0, 0.0, 0.0, 0.0, 0.2, 0.0, 0.0, 0.0, 0.0, 0.0, 0.0, 0.2]header: 
  seq: 207708
  stamp: 
    secs: 1598579712
    nsecs: 862196669
  frame_id: "odom"
child_frame_id: "base_link"
pose: 
  pose: 
    position: 
      x: -0.004902032437760954
      y: -0.3128221859560635
      z: 0.0
    orientation: 
      x: 0.0
      y: -0.0
      z: -0.018888577272497417
      w: -0.9998215949101223
  covariance: [0.2, 0.0, 0.0, 0.0, 0.0, 0.0, 0.0, 0.2, 0.0, 0.0, 0.0, 0.0, 0.0, 0.0, 0.2, 0.0, 0.0, 0.0, 0.0, 0.0, 0.0, 0.2, 0.0, 0.0, 0.0, 0.0, 0.0, 0.0, 0.2, 0.0, 0.0, 0.0, 0.0, 0.0, 0.0, 0.2]
twist: 
  twist: 
    linear: 
      x: 0.0
      y: 0.0
      z: 0.0
    angular: 
      x: 0.0
      y: 0.0
      z: 0.0
  covariance: [0.2, 0.0, 0.0, 0.0, 0.0, 0.0, 0.0, 0.2, 0.0, 0.0, 0.0, 0.0, 0.0, 0.0, 0.2, 0.0, 0.0, 0.0, 0.0, 0.0, 0.0, 0.2, 0.0, 0.0, 0.0, 0.0, 0.0, 0.0, 0.2, 0.0, 0.0, 0.0, 0.0, 0.0, 0.0, 0.2]header: 
  seq: 207709
  stamp: 
    secs: 1598579712
    nsecs: 912198324
  frame_id: "odom"
child_frame_id: "base_link"
pose: 
  pose: 
    position: 
      x: -0.004902032437760954
      y: -0.3128221859560635
      z: 0.0
    orientation: 
      x: 0.0
      y: -0.0
      z: -0.018888577272497417
      w: -0.9998215949101223
  covariance: [0.2, 0.0, 0.0, 0.0, 0.0, 0.0, 0.0, 0.2, 0.0, 0.0, 0.0, 0.0, 0.0, 0.0, 0.2, 0.0, 0.0, 0.0, 0.0, 0.0, 0.0, 0.2, 0.0, 0.0, 0.0, 0.0, 0.0, 0.0, 0.2, 0.0, 0.0, 0.0, 0.0, 0.0, 0.0, 0.2]
twist: 
  twist: 
    linear: 
      x: 0.0
      y: 0.0
      z: 0.0
    angular: 
      x: 0.0
      y: 0.0
      z: 0.0
  covariance: [0.2, 0.0, 0.0, 0.0, 0.0, 0.0, 0.0, 0.2, 0.0, 0.0, 0.0, 0.0, 0.0, 0.0, 0.2, 0.0, 0.0, 0.0, 0.0, 0.0, 0.0, 0.2, 0.0, 0.0, 0.0, 0.0, 0.0, 0.0, 0.2, 0.0, 0.0, 0.0, 0.0, 0.0, 0.0, 0.2]header: 
  seq: 207710
  stamp: 
    secs: 1598579712
    nsecs: 962195145
  frame_id: "odom"
child_frame_id: "base_link"
pose: 
  pose: 
    position: 
      x: -0.004902032437760954
      y: -0.3128221859560635
      z: 0.0
    orientation: 
      x: 0.0
      y: -0.0
      z: -0.018888577272497417
      w: -0.9998215949101223
  covariance: [0.2, 0.0, 0.0, 0.0, 0.0, 0.0, 0.0, 0.2, 0.0, 0.0, 0.0, 0.0, 0.0, 0.0, 0.2, 0.0, 0.0, 0.0, 0.0, 0.0, 0.0, 0.2, 0.0, 0.0, 0.0, 0.0, 0.0, 0.0, 0.2, 0.0, 0.0, 0.0, 0.0, 0.0, 0.0, 0.2]
twist: 
  twist: 
    linear: 
      x: 0.0
      y: 0.0
      z: 0.0
    angular: 
      x: 0.0
      y: 0.0
      z: 0.0
  covariance: [0.2, 0.0, 0.0, 0.0, 0.0, 0.0, 0.0, 0.2, 0.0, 0.0, 0.0, 0.0, 0.0, 0.0, 0.2, 0.0, 0.0, 0.0, 0.0, 0.0, 0.0, 0.2, 0.0, 0.0, 0.0, 0.0, 0.0, 0.0, 0.2, 0.0, 0.0, 0.0, 0.0, 0.0, 0.0, 0.2]header: 
  seq: 207711
  stamp: 
    secs: 1598579713
    nsecs:  12197836
  frame_id: "odom"
child_frame_id: "base_link"
pose: 
  pose: 
    position: 
      x: -0.004902032437760954
      y: -0.3128221859560635
      z: 0.0
    orientation: 
      x: 0.0
      y: -0.0
      z: -0.018888577272497417
      w: -0.9998215949101223
  covariance: [0.2, 0.0, 0.0, 0.0, 0.0, 0.0, 0.0, 0.2, 0.0, 0.0, 0.0, 0.0, 0.0, 0.0, 0.2, 0.0, 0.0, 0.0, 0.0, 0.0, 0.0, 0.2, 0.0, 0.0, 0.0, 0.0, 0.0, 0.0, 0.2, 0.0, 0.0, 0.0, 0.0, 0.0, 0.0, 0.2]
twist: 
  twist: 
    linear: 
      x: 0.0
      y: 0.0
      z: 0.0
    angular: 
      x: 0.0
      y: 0.0
      z: 0.0
  covariance: [0.2, 0.0, 0.0, 0.0, 0.0, 0.0, 0.0, 0.2, 0.0, 0.0, 0.0, 0.0, 0.0, 0.0, 0.2, 0.0, 0.0, 0.0, 0.0, 0.0, 0.0, 0.2, 0.0, 0.0, 0.0, 0.0, 0.0, 0.0, 0.2, 0.0, 0.0, 0.0, 0.0, 0.0, 0.0, 0.2]header: 
  seq: 207712
  stamp: 
    secs: 1598579713
    nsecs:  62193935
  frame_id: "odom"
child_frame_id: "base_link"
pose: 
  pose: 
    position: 
      x: -0.004902032437760954
      y: -0.3128221859560635
      z: 0.0
    orientation: 
      x: 0.0
      y: -0.0
      z: -0.018888577272497417
      w: -0.9998215949101223
  covariance: [0.2, 0.0, 0.0, 0.0, 0.0, 0.0, 0.0, 0.2, 0.0, 0.0, 0.0, 0.0, 0.0, 0.0, 0.2, 0.0, 0.0, 0.0, 0.0, 0.0, 0.0, 0.2, 0.0, 0.0, 0.0, 0.0, 0.0, 0.0, 0.2, 0.0, 0.0, 0.0, 0.0, 0.0, 0.0, 0.2]
twist: 
  twist: 
    linear: 
      x: 0.0
      y: 0.0
      z: 0.0
    angular: 
      x: 0.0
      y: 0.0
      z: 0.0
  covariance: [0.2, 0.0, 0.0, 0.0, 0.0, 0.0, 0.0, 0.2, 0.0, 0.0, 0.0, 0.0, 0.0, 0.0, 0.2, 0.0, 0.0, 0.0, 0.0, 0.0, 0.0, 0.2, 0.0, 0.0, 0.0, 0.0, 0.0, 0.0, 0.2, 0.0, 0.0, 0.0, 0.0, 0.0, 0.0, 0.2]header: 
  seq: 207713
  stamp: 
    secs: 1598579713
    nsecs: 112212089
  frame_id: "odom"
child_frame_id: "base_link"
pose: 
  pose: 
    position: 
      x: -0.004902032437760954
      y: -0.3128221859560635
      z: 0.0
    orientation: 
      x: 0.0
      y: -0.0
      z: -0.018888577272497417
      w: -0.9998215949101223
  covariance: [0.2, 0.0, 0.0, 0.0, 0.0, 0.0, 0.0, 0.2, 0.0, 0.0, 0.0, 0.0, 0.0, 0.0, 0.2, 0.0, 0.0, 0.0, 0.0, 0.0, 0.0, 0.2, 0.0, 0.0, 0.0, 0.0, 0.0, 0.0, 0.2, 0.0, 0.0, 0.0, 0.0, 0.0, 0.0, 0.2]
twist: 
  twist: 
    linear: 
      x: 0.0
      y: 0.0
      z: 0.0
    angular: 
      x: 0.0
      y: 0.0
      z: 0.0
  covariance: [0.2, 0.0, 0.0, 0.0, 0.0, 0.0, 0.0, 0.2, 0.0, 0.0, 0.0, 0.0, 0.0, 0.0, 0.2, 0.0, 0.0, 0.0, 0.0, 0.0, 0.0, 0.2, 0.0, 0.0, 0.0, 0.0, 0.0, 0.0, 0.2, 0.0, 0.0, 0.0, 0.0, 0.0, 0.0, 0.2]header: 
  seq: 207714
  stamp: 
    secs: 1598579713
    nsecs: 162199522
  frame_id: "odom"
child_frame_id: "base_link"
pose: 
  pose: 
    position: 
      x: -0.004902032437760954
      y: -0.3128221859560635
      z: 0.0
    orientation: 
      x: 0.0
      y: -0.0
      z: -0.018888577272497417
      w: -0.9998215949101223
  covariance: [0.2, 0.0, 0.0, 0.0, 0.0, 0.0, 0.0, 0.2, 0.0, 0.0, 0.0, 0.0, 0.0, 0.0, 0.2, 0.0, 0.0, 0.0, 0.0, 0.0, 0.0, 0.2, 0.0, 0.0, 0.0, 0.0, 0.0, 0.0, 0.2, 0.0, 0.0, 0.0, 0.0, 0.0, 0.0, 0.2]
twist: 
  twist: 
    linear: 
      x: 0.0
      y: 0.0
      z: 0.0
    angular: 
      x: 0.0
      y: 0.0
      z: 0.0
  covariance: [0.2, 0.0, 0.0, 0.0, 0.0, 0.0, 0.0, 0.2, 0.0, 0.0, 0.0, 0.0, 0.0, 0.0, 0.2, 0.0, 0.0, 0.0, 0.0, 0.0, 0.0, 0.2, 0.0, 0.0, 0.0, 0.0, 0.0, 0.0, 0.2, 0.0, 0.0, 0.0, 0.0, 0.0, 0.0, 0.2]header: 
  seq: 207715
  stamp: 
    secs: 1598579713
    nsecs: 212198121
  frame_id: "odom"
child_frame_id: "base_link"
pose: 
  pose: 
    position: 
      x: -0.004902032437760954
      y: -0.3128221859560635
      z: 0.0
    orientation: 
      x: 0.0
      y: -0.0
      z: -0.018888577272497417
      w: -0.9998215949101223
  covariance: [0.2, 0.0, 0.0, 0.0, 0.0, 0.0, 0.0, 0.2, 0.0, 0.0, 0.0, 0.0, 0.0, 0.0, 0.2, 0.0, 0.0, 0.0, 0.0, 0.0, 0.0, 0.2, 0.0, 0.0, 0.0, 0.0, 0.0, 0.0, 0.2, 0.0, 0.0, 0.0, 0.0, 0.0, 0.0, 0.2]
twist: 
  twist: 
    linear: 
      x: 0.0
      y: 0.0
      z: 0.0
    angular: 
      x: 0.0
      y: 0.0
      z: 0.0
  covariance: [0.2, 0.0, 0.0, 0.0, 0.0, 0.0, 0.0, 0.2, 0.0, 0.0, 0.0, 0.0, 0.0, 0.0, 0.2, 0.0, 0.0, 0.0, 0.0, 0.0, 0.0, 0.2, 0.0, 0.0, 0.0, 0.0, 0.0, 0.0, 0.2, 0.0, 0.0, 0.0, 0.0, 0.0, 0.0, 0.2]header: 
  seq: 207716
  stamp: 
    secs: 1598579713
    nsecs: 262198664
  frame_id: "odom"
child_frame_id: "base_link"
pose: 
  pose: 
    position: 
      x: -0.004902032437760954
      y: -0.3128221859560635
      z: 0.0
    orientation: 
      x: 0.0
      y: -0.0
      z: -0.018888577272497417
      w: -0.9998215949101223
  covariance: [0.2, 0.0, 0.0, 0.0, 0.0, 0.0, 0.0, 0.2, 0.0, 0.0, 0.0, 0.0, 0.0, 0.0, 0.2, 0.0, 0.0, 0.0, 0.0, 0.0, 0.0, 0.2, 0.0, 0.0, 0.0, 0.0, 0.0, 0.0, 0.2, 0.0, 0.0, 0.0, 0.0, 0.0, 0.0, 0.2]
twist: 
  twist: 
    linear: 
      x: 0.0
      y: 0.0
      z: 0.0
    angular: 
      x: 0.0
      y: 0.0
      z: 0.0
  covariance: [0.2, 0.0, 0.0, 0.0, 0.0, 0.0, 0.0, 0.2, 0.0, 0.0, 0.0, 0.0, 0.0, 0.0, 0.2, 0.0, 0.0, 0.0, 0.0, 0.0, 0.0, 0.2, 0.0, 0.0, 0.0, 0.0, 0.0, 0.0, 0.2, 0.0, 0.0, 0.0, 0.0, 0.0, 0.0, 0.2]header: 
  seq: 207717
  stamp: 
    secs: 1598579713
    nsecs: 312199837
  frame_id: "odom"
child_frame_id: "base_link"
pose: 
  pose: 
    position: 
      x: -0.004902032437760954
      y: -0.3128221859560635
      z: 0.0
    orientation: 
      x: 0.0
      y: -0.0
      z: -0.018888577272497417
      w: -0.9998215949101223
  covariance: [0.2, 0.0, 0.0, 0.0, 0.0, 0.0, 0.0, 0.2, 0.0, 0.0, 0.0, 0.0, 0.0, 0.0, 0.2, 0.0, 0.0, 0.0, 0.0, 0.0, 0.0, 0.2, 0.0, 0.0, 0.0, 0.0, 0.0, 0.0, 0.2, 0.0, 0.0, 0.0, 0.0, 0.0, 0.0, 0.2]
twist: 
  twist: 
    linear: 
      x: 0.0
      y: 0.0
      z: 0.0
    angular: 
      x: 0.0
      y: 0.0
      z: 0.0
  covariance: [0.2, 0.0, 0.0, 0.0, 0.0, 0.0, 0.0, 0.2, 0.0, 0.0, 0.0, 0.0, 0.0, 0.0, 0.2, 0.0, 0.0, 0.0, 0.0, 0.0, 0.0, 0.2, 0.0, 0.0, 0.0, 0.0, 0.0, 0.0, 0.2, 0.0, 0.0, 0.0, 0.0, 0.0, 0.0, 0.2]header: 
  seq: 207718
  stamp: 
    secs: 1598579713
    nsecs: 362197195
  frame_id: "odom"
child_frame_id: "base_link"
pose: 
  pose: 
    position: 
      x: -0.004902032437760954
      y: -0.3128221859560635
      z: 0.0
    orientation: 
      x: 0.0
      y: -0.0
      z: -0.018888577272497417
      w: -0.9998215949101223
  covariance: [0.2, 0.0, 0.0, 0.0, 0.0, 0.0, 0.0, 0.2, 0.0, 0.0, 0.0, 0.0, 0.0, 0.0, 0.2, 0.0, 0.0, 0.0, 0.0, 0.0, 0.0, 0.2, 0.0, 0.0, 0.0, 0.0, 0.0, 0.0, 0.2, 0.0, 0.0, 0.0, 0.0, 0.0, 0.0, 0.2]
twist: 
  twist: 
    linear: 
      x: 0.0
      y: 0.0
      z: 0.0
    angular: 
      x: 0.0
      y: 0.0
      z: 0.0
  covariance: [0.2, 0.0, 0.0, 0.0, 0.0, 0.0, 0.0, 0.2, 0.0, 0.0, 0.0, 0.0, 0.0, 0.0, 0.2, 0.0, 0.0, 0.0, 0.0, 0.0, 0.0, 0.2, 0.0, 0.0, 0.0, 0.0, 0.0, 0.0, 0.2, 0.0, 0.0, 0.0, 0.0, 0.0, 0.0, 0.2]header: 
  seq: 207719
  stamp: 
    secs: 1598579713
    nsecs: 412199831
  frame_id: "odom"
child_frame_id: "base_link"
pose: 
  pose: 
    position: 
      x: -0.004902032437760954
      y: -0.3128221859560635
      z: 0.0
    orientation: 
      x: 0.0
      y: -0.0
      z: -0.018888577272497417
      w: -0.9998215949101223
  covariance: [0.2, 0.0, 0.0, 0.0, 0.0, 0.0, 0.0, 0.2, 0.0, 0.0, 0.0, 0.0, 0.0, 0.0, 0.2, 0.0, 0.0, 0.0, 0.0, 0.0, 0.0, 0.2, 0.0, 0.0, 0.0, 0.0, 0.0, 0.0, 0.2, 0.0, 0.0, 0.0, 0.0, 0.0, 0.0, 0.2]
twist: 
  twist: 
    linear: 
      x: 0.0
      y: 0.0
      z: 0.0
    angular: 
      x: 0.0
      y: 0.0
      z: 0.0
  covariance: [0.2, 0.0, 0.0, 0.0, 0.0, 0.0, 0.0, 0.2, 0.0, 0.0, 0.0, 0.0, 0.0, 0.0, 0.2, 0.0, 0.0, 0.0, 0.0, 0.0, 0.0, 0.2, 0.0, 0.0, 0.0, 0.0, 0.0, 0.0, 0.2, 0.0, 0.0, 0.0, 0.0, 0.0, 0.0, 0.2]header: 
  seq: 207720
  stamp: 
    secs: 1598579713
    nsecs: 462195819
  frame_id: "odom"
child_frame_id: "base_link"
pose: 
  pose: 
    position: 
      x: -0.004902032437760954
      y: -0.3128221859560635
      z: 0.0
    orientation: 
      x: 0.0
      y: -0.0
      z: -0.018888577272497417
      w: -0.9998215949101223
  covariance: [0.2, 0.0, 0.0, 0.0, 0.0, 0.0, 0.0, 0.2, 0.0, 0.0, 0.0, 0.0, 0.0, 0.0, 0.2, 0.0, 0.0, 0.0, 0.0, 0.0, 0.0, 0.2, 0.0, 0.0, 0.0, 0.0, 0.0, 0.0, 0.2, 0.0, 0.0, 0.0, 0.0, 0.0, 0.0, 0.2]
twist: 
  twist: 
    linear: 
      x: 0.0
      y: 0.0
      z: 0.0
    angular: 
      x: 0.0
      y: 0.0
      z: 0.0
  covariance: [0.2, 0.0, 0.0, 0.0, 0.0, 0.0, 0.0, 0.2, 0.0, 0.0, 0.0, 0.0, 0.0, 0.0, 0.2, 0.0, 0.0, 0.0, 0.0, 0.0, 0.0, 0.2, 0.0, 0.0, 0.0, 0.0, 0.0, 0.0, 0.2, 0.0, 0.0, 0.0, 0.0, 0.0, 0.0, 0.2]header: 
  seq: 207721
  stamp: 
    secs: 1598579713
    nsecs: 512196843
  frame_id: "odom"
child_frame_id: "base_link"
pose: 
  pose: 
    position: 
      x: -0.004902032437760954
      y: -0.3128221859560635
      z: 0.0
    orientation: 
      x: 0.0
      y: -0.0
      z: -0.018888577272497417
      w: -0.9998215949101223
  covariance: [0.2, 0.0, 0.0, 0.0, 0.0, 0.0, 0.0, 0.2, 0.0, 0.0, 0.0, 0.0, 0.0, 0.0, 0.2, 0.0, 0.0, 0.0, 0.0, 0.0, 0.0, 0.2, 0.0, 0.0, 0.0, 0.0, 0.0, 0.0, 0.2, 0.0, 0.0, 0.0, 0.0, 0.0, 0.0, 0.2]
twist: 
  twist: 
    linear: 
      x: 0.0
      y: 0.0
      z: 0.0
    angular: 
      x: 0.0
      y: 0.0
      z: 0.0
  covariance: [0.2, 0.0, 0.0, 0.0, 0.0, 0.0, 0.0, 0.2, 0.0, 0.0, 0.0, 0.0, 0.0, 0.0, 0.2, 0.0, 0.0, 0.0, 0.0, 0.0, 0.0, 0.2, 0.0, 0.0, 0.0, 0.0, 0.0, 0.0, 0.2, 0.0, 0.0, 0.0, 0.0, 0.0, 0.0, 0.2]header: 
  seq: 207722
  stamp: 
    secs: 1598579713
    nsecs: 562197738
  frame_id: "odom"
child_frame_id: "base_link"
pose: 
  pose: 
    position: 
      x: -0.004902032437760954
      y: -0.3128221859560635
      z: 0.0
    orientation: 
      x: 0.0
      y: -0.0
      z: -0.018888577272497417
      w: -0.9998215949101223
  covariance: [0.2, 0.0, 0.0, 0.0, 0.0, 0.0, 0.0, 0.2, 0.0, 0.0, 0.0, 0.0, 0.0, 0.0, 0.2, 0.0, 0.0, 0.0, 0.0, 0.0, 0.0, 0.2, 0.0, 0.0, 0.0, 0.0, 0.0, 0.0, 0.2, 0.0, 0.0, 0.0, 0.0, 0.0, 0.0, 0.2]
twist: 
  twist: 
    linear: 
      x: 0.0
      y: 0.0
      z: 0.0
    angular: 
      x: 0.0
      y: 0.0
      z: 0.0
  covariance: [0.2, 0.0, 0.0, 0.0, 0.0, 0.0, 0.0, 0.2, 0.0, 0.0, 0.0, 0.0, 0.0, 0.0, 0.2, 0.0, 0.0, 0.0, 0.0, 0.0, 0.0, 0.2, 0.0, 0.0, 0.0, 0.0, 0.0, 0.0, 0.2, 0.0, 0.0, 0.0, 0.0, 0.0, 0.0, 0.2]header: 
  seq: 207723
  stamp: 
    secs: 1598579713
    nsecs: 612197152
  frame_id: "odom"
child_frame_id: "base_link"
pose: 
  pose: 
    position: 
      x: -0.004902032437760954
      y: -0.3128221859560635
      z: 0.0
    orientation: 
      x: 0.0
      y: -0.0
      z: -0.018888577272497417
      w: -0.9998215949101223
  covariance: [0.2, 0.0, 0.0, 0.0, 0.0, 0.0, 0.0, 0.2, 0.0, 0.0, 0.0, 0.0, 0.0, 0.0, 0.2, 0.0, 0.0, 0.0, 0.0, 0.0, 0.0, 0.2, 0.0, 0.0, 0.0, 0.0, 0.0, 0.0, 0.2, 0.0, 0.0, 0.0, 0.0, 0.0, 0.0, 0.2]
twist: 
  twist: 
    linear: 
      x: 0.0
      y: 0.0
      z: 0.0
    angular: 
      x: 0.0
      y: 0.0
      z: 0.0
  covariance: [0.2, 0.0, 0.0, 0.0, 0.0, 0.0, 0.0, 0.2, 0.0, 0.0, 0.0, 0.0, 0.0, 0.0, 0.2, 0.0, 0.0, 0.0, 0.0, 0.0, 0.0, 0.2, 0.0, 0.0, 0.0, 0.0, 0.0, 0.0, 0.2, 0.0, 0.0, 0.0, 0.0, 0.0, 0.0, 0.2]header: 
  seq: 207724
  stamp: 
    secs: 1598579713
    nsecs: 662198658
  frame_id: "odom"
child_frame_id: "base_link"
pose: 
  pose: 
    position: 
      x: -0.004902032437760954
      y: -0.3128221859560635
      z: 0.0
    orientation: 
      x: 0.0
      y: -0.0
      z: -0.018888577272497417
      w: -0.9998215949101223
  covariance: [0.2, 0.0, 0.0, 0.0, 0.0, 0.0, 0.0, 0.2, 0.0, 0.0, 0.0, 0.0, 0.0, 0.0, 0.2, 0.0, 0.0, 0.0, 0.0, 0.0, 0.0, 0.2, 0.0, 0.0, 0.0, 0.0, 0.0, 0.0, 0.2, 0.0, 0.0, 0.0, 0.0, 0.0, 0.0, 0.2]
twist: 
  twist: 
    linear: 
      x: 0.0
      y: 0.0
      z: 0.0
    angular: 
      x: 0.0
      y: 0.0
      z: 0.0
  covariance: [0.2, 0.0, 0.0, 0.0, 0.0, 0.0, 0.0, 0.2, 0.0, 0.0, 0.0, 0.0, 0.0, 0.0, 0.2, 0.0, 0.0, 0.0, 0.0, 0.0, 0.0, 0.2, 0.0, 0.0, 0.0, 0.0, 0.0, 0.0, 0.2, 0.0, 0.0, 0.0, 0.0, 0.0, 0.0, 0.2]header: 
  seq: 207725
  stamp: 
    secs: 1598579713
    nsecs: 712197368
  frame_id: "odom"
child_frame_id: "base_link"
pose: 
  pose: 
    position: 
      x: -0.004902032437760954
      y: -0.3128221859560635
      z: 0.0
    orientation: 
      x: 0.0
      y: -0.0
      z: -0.018888577272497417
      w: -0.9998215949101223
  covariance: [0.2, 0.0, 0.0, 0.0, 0.0, 0.0, 0.0, 0.2, 0.0, 0.0, 0.0, 0.0, 0.0, 0.0, 0.2, 0.0, 0.0, 0.0, 0.0, 0.0, 0.0, 0.2, 0.0, 0.0, 0.0, 0.0, 0.0, 0.0, 0.2, 0.0, 0.0, 0.0, 0.0, 0.0, 0.0, 0.2]
twist: 
  twist: 
    linear: 
      x: 0.0
      y: 0.0
      z: 0.0
    angular: 
      x: 0.0
      y: 0.0
      z: 0.0
  covariance: [0.2, 0.0, 0.0, 0.0, 0.0, 0.0, 0.0, 0.2, 0.0, 0.0, 0.0, 0.0, 0.0, 0.0, 0.2, 0.0, 0.0, 0.0, 0.0, 0.0, 0.0, 0.2, 0.0, 0.0, 0.0, 0.0, 0.0, 0.0, 0.2, 0.0, 0.0, 0.0, 0.0, 0.0, 0.0, 0.2]header: 
  seq: 207726
  stamp: 
    secs: 1598579713
    nsecs: 762197689
  frame_id: "odom"
child_frame_id: "base_link"
pose: 
  pose: 
    position: 
      x: -0.004902032437760954
      y: -0.3128221859560635
      z: 0.0
    orientation: 
      x: 0.0
      y: -0.0
      z: -0.018888577272497417
      w: -0.9998215949101223
  covariance: [0.2, 0.0, 0.0, 0.0, 0.0, 0.0, 0.0, 0.2, 0.0, 0.0, 0.0, 0.0, 0.0, 0.0, 0.2, 0.0, 0.0, 0.0, 0.0, 0.0, 0.0, 0.2, 0.0, 0.0, 0.0, 0.0, 0.0, 0.0, 0.2, 0.0, 0.0, 0.0, 0.0, 0.0, 0.0, 0.2]
twist: 
  twist: 
    linear: 
      x: 0.0
      y: 0.0
      z: 0.0
    angular: 
      x: 0.0
      y: 0.0
      z: 0.0
  covariance: [0.2, 0.0, 0.0, 0.0, 0.0, 0.0, 0.0, 0.2, 0.0, 0.0, 0.0, 0.0, 0.0, 0.0, 0.2, 0.0, 0.0, 0.0, 0.0, 0.0, 0.0, 0.2, 0.0, 0.0, 0.0, 0.0, 0.0, 0.0, 0.2, 0.0, 0.0, 0.0, 0.0, 0.0, 0.0, 0.2]header: 
  seq: 207727
  stamp: 
    secs: 1598579713
    nsecs: 812198307
  frame_id: "odom"
child_frame_id: "base_link"
pose: 
  pose: 
    position: 
      x: -0.004902032437760954
      y: -0.3128221859560635
      z: 0.0
    orientation: 
      x: 0.0
      y: -0.0
      z: -0.018888577272497417
      w: -0.9998215949101223
  covariance: [0.2, 0.0, 0.0, 0.0, 0.0, 0.0, 0.0, 0.2, 0.0, 0.0, 0.0, 0.0, 0.0, 0.0, 0.2, 0.0, 0.0, 0.0, 0.0, 0.0, 0.0, 0.2, 0.0, 0.0, 0.0, 0.0, 0.0, 0.0, 0.2, 0.0, 0.0, 0.0, 0.0, 0.0, 0.0, 0.2]
twist: 
  twist: 
    linear: 
      x: 0.0
      y: 0.0
      z: 0.0
    angular: 
      x: 0.0
      y: 0.0
      z: 0.0
  covariance: [0.2, 0.0, 0.0, 0.0, 0.0, 0.0, 0.0, 0.2, 0.0, 0.0, 0.0, 0.0, 0.0, 0.0, 0.2, 0.0, 0.0, 0.0, 0.0, 0.0, 0.0, 0.2, 0.0, 0.0, 0.0, 0.0, 0.0, 0.0, 0.2, 0.0, 0.0, 0.0, 0.0, 0.0, 0.0, 0.2]header: 
  seq: 207728
  stamp: 
    secs: 1598579713
    nsecs: 862232164
  frame_id: "odom"
child_frame_id: "base_link"
pose: 
  pose: 
    position: 
      x: -0.004902032437760954
      y: -0.3128221859560635
      z: 0.0
    orientation: 
      x: 0.0
      y: -0.0
      z: -0.018888577272497417
      w: -0.9998215949101223
  covariance: [0.2, 0.0, 0.0, 0.0, 0.0, 0.0, 0.0, 0.2, 0.0, 0.0, 0.0, 0.0, 0.0, 0.0, 0.2, 0.0, 0.0, 0.0, 0.0, 0.0, 0.0, 0.2, 0.0, 0.0, 0.0, 0.0, 0.0, 0.0, 0.2, 0.0, 0.0, 0.0, 0.0, 0.0, 0.0, 0.2]
twist: 
  twist: 
    linear: 
      x: 0.0
      y: 0.0
      z: 0.0
    angular: 
      x: 0.0
      y: 0.0
      z: 0.0
  covariance: [0.2, 0.0, 0.0, 0.0, 0.0, 0.0, 0.0, 0.2, 0.0, 0.0, 0.0, 0.0, 0.0, 0.0, 0.2, 0.0, 0.0, 0.0, 0.0, 0.0, 0.0, 0.2, 0.0, 0.0, 0.0, 0.0, 0.0, 0.0, 0.2, 0.0, 0.0, 0.0, 0.0, 0.0, 0.0, 0.2]header: 
  seq: 207729
  stamp: 
    secs: 1598579713
    nsecs: 912201097
  frame_id: "odom"
child_frame_id: "base_link"
pose: 
  pose: 
    position: 
      x: -0.004902032437760954
      y: -0.3128221859560635
      z: 0.0
    orientation: 
      x: 0.0
      y: -0.0
      z: -0.018888577272497417
      w: -0.9998215949101223
  covariance: [0.2, 0.0, 0.0, 0.0, 0.0, 0.0, 0.0, 0.2, 0.0, 0.0, 0.0, 0.0, 0.0, 0.0, 0.2, 0.0, 0.0, 0.0, 0.0, 0.0, 0.0, 0.2, 0.0, 0.0, 0.0, 0.0, 0.0, 0.0, 0.2, 0.0, 0.0, 0.0, 0.0, 0.0, 0.0, 0.2]
twist: 
  twist: 
    linear: 
      x: 0.0
      y: 0.0
      z: 0.0
    angular: 
      x: 0.0
      y: 0.0
      z: 0.0
  covariance: [0.2, 0.0, 0.0, 0.0, 0.0, 0.0, 0.0, 0.2, 0.0, 0.0, 0.0, 0.0, 0.0, 0.0, 0.2, 0.0, 0.0, 0.0, 0.0, 0.0, 0.0, 0.2, 0.0, 0.0, 0.0, 0.0, 0.0, 0.0, 0.2, 0.0, 0.0, 0.0, 0.0, 0.0, 0.0, 0.2]header: 
  seq: 207730
  stamp: 
    secs: 1598579713
    nsecs: 962206566
  frame_id: "odom"
child_frame_id: "base_link"
pose: 
  pose: 
    position: 
      x: -0.004902032437760954
      y: -0.3128221859560635
      z: 0.0
    orientation: 
      x: 0.0
      y: -0.0
      z: -0.018888577272497417
      w: -0.9998215949101223
  covariance: [0.2, 0.0, 0.0, 0.0, 0.0, 0.0, 0.0, 0.2, 0.0, 0.0, 0.0, 0.0, 0.0, 0.0, 0.2, 0.0, 0.0, 0.0, 0.0, 0.0, 0.0, 0.2, 0.0, 0.0, 0.0, 0.0, 0.0, 0.0, 0.2, 0.0, 0.0, 0.0, 0.0, 0.0, 0.0, 0.2]
twist: 
  twist: 
    linear: 
      x: 0.0
      y: 0.0
      z: 0.0
    angular: 
      x: 0.0
      y: 0.0
      z: 0.0
  covariance: [0.2, 0.0, 0.0, 0.0, 0.0, 0.0, 0.0, 0.2, 0.0, 0.0, 0.0, 0.0, 0.0, 0.0, 0.2, 0.0, 0.0, 0.0, 0.0, 0.0, 0.0, 0.2, 0.0, 0.0, 0.0, 0.0, 0.0, 0.0, 0.2, 0.0, 0.0, 0.0, 0.0, 0.0, 0.0, 0.2]header: 
  seq: 207731
  stamp: 
    secs: 1598579714
    nsecs:  12197054
  frame_id: "odom"
child_frame_id: "base_link"
pose: 
  pose: 
    position: 
      x: -0.004902032437760954
      y: -0.3128221859560635
      z: 0.0
    orientation: 
      x: 0.0
      y: -0.0
      z: -0.018888577272497417
      w: -0.9998215949101223
  covariance: [0.2, 0.0, 0.0, 0.0, 0.0, 0.0, 0.0, 0.2, 0.0, 0.0, 0.0, 0.0, 0.0, 0.0, 0.2, 0.0, 0.0, 0.0, 0.0, 0.0, 0.0, 0.2, 0.0, 0.0, 0.0, 0.0, 0.0, 0.0, 0.2, 0.0, 0.0, 0.0, 0.0, 0.0, 0.0, 0.2]
twist: 
  twist: 
    linear: 
      x: 0.0
      y: 0.0
      z: 0.0
    angular: 
      x: 0.0
      y: 0.0
      z: 0.0
  covariance: [0.2, 0.0, 0.0, 0.0, 0.0, 0.0, 0.0, 0.2, 0.0, 0.0, 0.0, 0.0, 0.0, 0.0, 0.2, 0.0, 0.0, 0.0, 0.0, 0.0, 0.0, 0.2, 0.0, 0.0, 0.0, 0.0, 0.0, 0.0, 0.2, 0.0, 0.0, 0.0, 0.0, 0.0, 0.0, 0.2]header: 
  seq: 207732
  stamp: 
    secs: 1598579714
    nsecs:  62197708
  frame_id: "odom"
child_frame_id: "base_link"
pose: 
  pose: 
    position: 
      x: -0.004902032437760954
      y: -0.3128221859560635
      z: 0.0
    orientation: 
      x: 0.0
      y: -0.0
      z: -0.018888577272497417
      w: -0.9998215949101223
  covariance: [0.2, 0.0, 0.0, 0.0, 0.0, 0.0, 0.0, 0.2, 0.0, 0.0, 0.0, 0.0, 0.0, 0.0, 0.2, 0.0, 0.0, 0.0, 0.0, 0.0, 0.0, 0.2, 0.0, 0.0, 0.0, 0.0, 0.0, 0.0, 0.2, 0.0, 0.0, 0.0, 0.0, 0.0, 0.0, 0.2]
twist: 
  twist: 
    linear: 
      x: 0.0
      y: 0.0
      z: 0.0
    angular: 
      x: 0.0
      y: 0.0
      z: 0.0
  covariance: [0.2, 0.0, 0.0, 0.0, 0.0, 0.0, 0.0, 0.2, 0.0, 0.0, 0.0, 0.0, 0.0, 0.0, 0.2, 0.0, 0.0, 0.0, 0.0, 0.0, 0.0, 0.2, 0.0, 0.0, 0.0, 0.0, 0.0, 0.0, 0.2, 0.0, 0.0, 0.0, 0.0, 0.0, 0.0, 0.2]header: 
  seq: 207733
  stamp: 
    secs: 1598579714
    nsecs: 112199715
  frame_id: "odom"
child_frame_id: "base_link"
pose: 
  pose: 
    position: 
      x: -0.004902032437760954
      y: -0.3128221859560635
      z: 0.0
    orientation: 
      x: 0.0
      y: -0.0
      z: -0.018888577272497417
      w: -0.9998215949101223
  covariance: [0.2, 0.0, 0.0, 0.0, 0.0, 0.0, 0.0, 0.2, 0.0, 0.0, 0.0, 0.0, 0.0, 0.0, 0.2, 0.0, 0.0, 0.0, 0.0, 0.0, 0.0, 0.2, 0.0, 0.0, 0.0, 0.0, 0.0, 0.0, 0.2, 0.0, 0.0, 0.0, 0.0, 0.0, 0.0, 0.2]
twist: 
  twist: 
    linear: 
      x: 0.0
      y: 0.0
      z: 0.0
    angular: 
      x: 0.0
      y: 0.0
      z: 0.0
  covariance: [0.2, 0.0, 0.0, 0.0, 0.0, 0.0, 0.0, 0.2, 0.0, 0.0, 0.0, 0.0, 0.0, 0.0, 0.2, 0.0, 0.0, 0.0, 0.0, 0.0, 0.0, 0.2, 0.0, 0.0, 0.0, 0.0, 0.0, 0.0, 0.2, 0.0, 0.0, 0.0, 0.0, 0.0, 0.0, 0.2]header: 
  seq: 207734
  stamp: 
    secs: 1598579714
    nsecs: 162180314
  frame_id: "odom"
child_frame_id: "base_link"
pose: 
  pose: 
    position: 
      x: -0.004902032437760954
      y: -0.3128221859560635
      z: 0.0
    orientation: 
      x: 0.0
      y: -0.0
      z: -0.018888577272497417
      w: -0.9998215949101223
  covariance: [0.2, 0.0, 0.0, 0.0, 0.0, 0.0, 0.0, 0.2, 0.0, 0.0, 0.0, 0.0, 0.0, 0.0, 0.2, 0.0, 0.0, 0.0, 0.0, 0.0, 0.0, 0.2, 0.0, 0.0, 0.0, 0.0, 0.0, 0.0, 0.2, 0.0, 0.0, 0.0, 0.0, 0.0, 0.0, 0.2]
twist: 
  twist: 
    linear: 
      x: 0.0
      y: 0.0
      z: 0.0
    angular: 
      x: 0.0
      y: 0.0
      z: 0.0
  covariance: [0.2, 0.0, 0.0, 0.0, 0.0, 0.0, 0.0, 0.2, 0.0, 0.0, 0.0, 0.0, 0.0, 0.0, 0.2, 0.0, 0.0, 0.0, 0.0, 0.0, 0.0, 0.2, 0.0, 0.0, 0.0, 0.0, 0.0, 0.0, 0.2, 0.0, 0.0, 0.0, 0.0, 0.0, 0.0, 0.2]header: 
  seq: 207735
  stamp: 
    secs: 1598579714
    nsecs: 212197449
  frame_id: "odom"
child_frame_id: "base_link"
pose: 
  pose: 
    position: 
      x: -0.004902032437760954
      y: -0.3128221859560635
      z: 0.0
    orientation: 
      x: 0.0
      y: -0.0
      z: -0.018888577272497417
      w: -0.9998215949101223
  covariance: [0.2, 0.0, 0.0, 0.0, 0.0, 0.0, 0.0, 0.2, 0.0, 0.0, 0.0, 0.0, 0.0, 0.0, 0.2, 0.0, 0.0, 0.0, 0.0, 0.0, 0.0, 0.2, 0.0, 0.0, 0.0, 0.0, 0.0, 0.0, 0.2, 0.0, 0.0, 0.0, 0.0, 0.0, 0.0, 0.2]
twist: 
  twist: 
    linear: 
      x: 0.0
      y: 0.0
      z: 0.0
    angular: 
      x: 0.0
      y: 0.0
      z: 0.0
  covariance: [0.2, 0.0, 0.0, 0.0, 0.0, 0.0, 0.0, 0.2, 0.0, 0.0, 0.0, 0.0, 0.0, 0.0, 0.2, 0.0, 0.0, 0.0, 0.0, 0.0, 0.0, 0.2, 0.0, 0.0, 0.0, 0.0, 0.0, 0.0, 0.2, 0.0, 0.0, 0.0, 0.0, 0.0, 0.0, 0.2]header: 
  seq: 207736
  stamp: 
    secs: 1598579714
    nsecs: 262198511
  frame_id: "odom"
child_frame_id: "base_link"
pose: 
  pose: 
    position: 
      x: -0.004902032437760954
      y: -0.3128221859560635
      z: 0.0
    orientation: 
      x: 0.0
      y: -0.0
      z: -0.018888577272497417
      w: -0.9998215949101223
  covariance: [0.2, 0.0, 0.0, 0.0, 0.0, 0.0, 0.0, 0.2, 0.0, 0.0, 0.0, 0.0, 0.0, 0.0, 0.2, 0.0, 0.0, 0.0, 0.0, 0.0, 0.0, 0.2, 0.0, 0.0, 0.0, 0.0, 0.0, 0.0, 0.2, 0.0, 0.0, 0.0, 0.0, 0.0, 0.0, 0.2]
twist: 
  twist: 
    linear: 
      x: 0.0
      y: 0.0
      z: 0.0
    angular: 
      x: 0.0
      y: 0.0
      z: 0.0
  covariance: [0.2, 0.0, 0.0, 0.0, 0.0, 0.0, 0.0, 0.2, 0.0, 0.0, 0.0, 0.0, 0.0, 0.0, 0.2, 0.0, 0.0, 0.0, 0.0, 0.0, 0.0, 0.2, 0.0, 0.0, 0.0, 0.0, 0.0, 0.0, 0.2, 0.0, 0.0, 0.0, 0.0, 0.0, 0.0, 0.2]header: 
  seq: 207737
  stamp: 
    secs: 1598579714
    nsecs: 312196925
  frame_id: "odom"
child_frame_id: "base_link"
pose: 
  pose: 
    position: 
      x: -0.004902032437760954
      y: -0.3128221859560635
      z: 0.0
    orientation: 
      x: 0.0
      y: -0.0
      z: -0.018888577272497417
      w: -0.9998215949101223
  covariance: [0.2, 0.0, 0.0, 0.0, 0.0, 0.0, 0.0, 0.2, 0.0, 0.0, 0.0, 0.0, 0.0, 0.0, 0.2, 0.0, 0.0, 0.0, 0.0, 0.0, 0.0, 0.2, 0.0, 0.0, 0.0, 0.0, 0.0, 0.0, 0.2, 0.0, 0.0, 0.0, 0.0, 0.0, 0.0, 0.2]
twist: 
  twist: 
    linear: 
      x: 0.0
      y: 0.0
      z: 0.0
    angular: 
      x: 0.0
      y: 0.0
      z: 0.0
  covariance: [0.2, 0.0, 0.0, 0.0, 0.0, 0.0, 0.0, 0.2, 0.0, 0.0, 0.0, 0.0, 0.0, 0.0, 0.2, 0.0, 0.0, 0.0, 0.0, 0.0, 0.0, 0.2, 0.0, 0.0, 0.0, 0.0, 0.0, 0.0, 0.2, 0.0, 0.0, 0.0, 0.0, 0.0, 0.0, 0.2]header: 
  seq: 207738
  stamp: 
    secs: 1598579714
    nsecs: 362202727
  frame_id: "odom"
child_frame_id: "base_link"
pose: 
  pose: 
    position: 
      x: -0.004902032437760954
      y: -0.3128221859560635
      z: 0.0
    orientation: 
      x: 0.0
      y: -0.0
      z: -0.018888577272497417
      w: -0.9998215949101223
  covariance: [0.2, 0.0, 0.0, 0.0, 0.0, 0.0, 0.0, 0.2, 0.0, 0.0, 0.0, 0.0, 0.0, 0.0, 0.2, 0.0, 0.0, 0.0, 0.0, 0.0, 0.0, 0.2, 0.0, 0.0, 0.0, 0.0, 0.0, 0.0, 0.2, 0.0, 0.0, 0.0, 0.0, 0.0, 0.0, 0.2]
twist: 
  twist: 
    linear: 
      x: 0.0
      y: 0.0
      z: 0.0
    angular: 
      x: 0.0
      y: 0.0
      z: 0.0
  covariance: [0.2, 0.0, 0.0, 0.0, 0.0, 0.0, 0.0, 0.2, 0.0, 0.0, 0.0, 0.0, 0.0, 0.0, 0.2, 0.0, 0.0, 0.0, 0.0, 0.0, 0.0, 0.2, 0.0, 0.0, 0.0, 0.0, 0.0, 0.0, 0.2, 0.0, 0.0, 0.0, 0.0, 0.0, 0.0, 0.2]header: 
  seq: 207739
  stamp: 
    secs: 1598579714
    nsecs: 412197271
  frame_id: "odom"
child_frame_id: "base_link"
pose: 
  pose: 
    position: 
      x: -0.004902032437760954
      y: -0.3128221859560635
      z: 0.0
    orientation: 
      x: 0.0
      y: -0.0
      z: -0.018888577272497417
      w: -0.9998215949101223
  covariance: [0.2, 0.0, 0.0, 0.0, 0.0, 0.0, 0.0, 0.2, 0.0, 0.0, 0.0, 0.0, 0.0, 0.0, 0.2, 0.0, 0.0, 0.0, 0.0, 0.0, 0.0, 0.2, 0.0, 0.0, 0.0, 0.0, 0.0, 0.0, 0.2, 0.0, 0.0, 0.0, 0.0, 0.0, 0.0, 0.2]
twist: 
  twist: 
    linear: 
      x: 0.0
      y: 0.0
      z: 0.0
    angular: 
      x: 0.0
      y: 0.0
      z: 0.0
  covariance: [0.2, 0.0, 0.0, 0.0, 0.0, 0.0, 0.0, 0.2, 0.0, 0.0, 0.0, 0.0, 0.0, 0.0, 0.2, 0.0, 0.0, 0.0, 0.0, 0.0, 0.0, 0.2, 0.0, 0.0, 0.0, 0.0, 0.0, 0.0, 0.2, 0.0, 0.0, 0.0, 0.0, 0.0, 0.0, 0.2]header: 
  seq: 207740
  stamp: 
    secs: 1598579714
    nsecs: 462197573
  frame_id: "odom"
child_frame_id: "base_link"
pose: 
  pose: 
    position: 
      x: -0.004902032437760954
      y: -0.3128221859560635
      z: 0.0
    orientation: 
      x: 0.0
      y: -0.0
      z: -0.018888577272497417
      w: -0.9998215949101223
  covariance: [0.2, 0.0, 0.0, 0.0, 0.0, 0.0, 0.0, 0.2, 0.0, 0.0, 0.0, 0.0, 0.0, 0.0, 0.2, 0.0, 0.0, 0.0, 0.0, 0.0, 0.0, 0.2, 0.0, 0.0, 0.0, 0.0, 0.0, 0.0, 0.2, 0.0, 0.0, 0.0, 0.0, 0.0, 0.0, 0.2]
twist: 
  twist: 
    linear: 
      x: 0.0
      y: 0.0
      z: 0.0
    angular: 
      x: 0.0
      y: 0.0
      z: 0.0
  covariance: [0.2, 0.0, 0.0, 0.0, 0.0, 0.0, 0.0, 0.2, 0.0, 0.0, 0.0, 0.0, 0.0, 0.0, 0.2, 0.0, 0.0, 0.0, 0.0, 0.0, 0.0, 0.2, 0.0, 0.0, 0.0, 0.0, 0.0, 0.0, 0.2, 0.0, 0.0, 0.0, 0.0, 0.0, 0.0, 0.2]header: 
  seq: 207741
  stamp: 
    secs: 1598579714
    nsecs: 512198783
  frame_id: "odom"
child_frame_id: "base_link"
pose: 
  pose: 
    position: 
      x: -0.004902032437760954
      y: -0.3128221859560635
      z: 0.0
    orientation: 
      x: 0.0
      y: -0.0
      z: -0.018888577272497417
      w: -0.9998215949101223
  covariance: [0.2, 0.0, 0.0, 0.0, 0.0, 0.0, 0.0, 0.2, 0.0, 0.0, 0.0, 0.0, 0.0, 0.0, 0.2, 0.0, 0.0, 0.0, 0.0, 0.0, 0.0, 0.2, 0.0, 0.0, 0.0, 0.0, 0.0, 0.0, 0.2, 0.0, 0.0, 0.0, 0.0, 0.0, 0.0, 0.2]
twist: 
  twist: 
    linear: 
      x: 0.0
      y: 0.0
      z: 0.0
    angular: 
      x: 0.0
      y: 0.0
      z: 0.0
  covariance: [0.2, 0.0, 0.0, 0.0, 0.0, 0.0, 0.0, 0.2, 0.0, 0.0, 0.0, 0.0, 0.0, 0.0, 0.2, 0.0, 0.0, 0.0, 0.0, 0.0, 0.0, 0.2, 0.0, 0.0, 0.0, 0.0, 0.0, 0.0, 0.2, 0.0, 0.0, 0.0, 0.0, 0.0, 0.0, 0.2]header: 
  seq: 207742
  stamp: 
    secs: 1598579714
    nsecs: 562195827
  frame_id: "odom"
child_frame_id: "base_link"
pose: 
  pose: 
    position: 
      x: -0.004902032437760954
      y: -0.3128221859560635
      z: 0.0
    orientation: 
      x: 0.0
      y: -0.0
      z: -0.018888577272497417
      w: -0.9998215949101223
  covariance: [0.2, 0.0, 0.0, 0.0, 0.0, 0.0, 0.0, 0.2, 0.0, 0.0, 0.0, 0.0, 0.0, 0.0, 0.2, 0.0, 0.0, 0.0, 0.0, 0.0, 0.0, 0.2, 0.0, 0.0, 0.0, 0.0, 0.0, 0.0, 0.2, 0.0, 0.0, 0.0, 0.0, 0.0, 0.0, 0.2]
twist: 
  twist: 
    linear: 
      x: 0.0
      y: 0.0
      z: 0.0
    angular: 
      x: 0.0
      y: 0.0
      z: 0.0
  covariance: [0.2, 0.0, 0.0, 0.0, 0.0, 0.0, 0.0, 0.2, 0.0, 0.0, 0.0, 0.0, 0.0, 0.0, 0.2, 0.0, 0.0, 0.0, 0.0, 0.0, 0.0, 0.2, 0.0, 0.0, 0.0, 0.0, 0.0, 0.0, 0.2, 0.0, 0.0, 0.0, 0.0, 0.0, 0.0, 0.2]header: 
  seq: 207743
  stamp: 
    secs: 1598579714
    nsecs: 612197370
  frame_id: "odom"
child_frame_id: "base_link"
pose: 
  pose: 
    position: 
      x: -0.004902032437760954
      y: -0.3128221859560635
      z: 0.0
    orientation: 
      x: 0.0
      y: -0.0
      z: -0.018888577272497417
      w: -0.9998215949101223
  covariance: [0.2, 0.0, 0.0, 0.0, 0.0, 0.0, 0.0, 0.2, 0.0, 0.0, 0.0, 0.0, 0.0, 0.0, 0.2, 0.0, 0.0, 0.0, 0.0, 0.0, 0.0, 0.2, 0.0, 0.0, 0.0, 0.0, 0.0, 0.0, 0.2, 0.0, 0.0, 0.0, 0.0, 0.0, 0.0, 0.2]
twist: 
  twist: 
    linear: 
      x: 0.0
      y: 0.0
      z: 0.0
    angular: 
      x: 0.0
      y: 0.0
      z: 0.0
  covariance: [0.2, 0.0, 0.0, 0.0, 0.0, 0.0, 0.0, 0.2, 0.0, 0.0, 0.0, 0.0, 0.0, 0.0, 0.2, 0.0, 0.0, 0.0, 0.0, 0.0, 0.0, 0.2, 0.0, 0.0, 0.0, 0.0, 0.0, 0.0, 0.2, 0.0, 0.0, 0.0, 0.0, 0.0, 0.0, 0.2]header: 
  seq: 207744
  stamp: 
    secs: 1598579714
    nsecs: 662159303
  frame_id: "odom"
child_frame_id: "base_link"
pose: 
  pose: 
    position: 
      x: -0.004902032437760954
      y: -0.3128221859560635
      z: 0.0
    orientation: 
      x: 0.0
      y: -0.0
      z: -0.018888577272497417
      w: -0.9998215949101223
  covariance: [0.2, 0.0, 0.0, 0.0, 0.0, 0.0, 0.0, 0.2, 0.0, 0.0, 0.0, 0.0, 0.0, 0.0, 0.2, 0.0, 0.0, 0.0, 0.0, 0.0, 0.0, 0.2, 0.0, 0.0, 0.0, 0.0, 0.0, 0.0, 0.2, 0.0, 0.0, 0.0, 0.0, 0.0, 0.0, 0.2]
twist: 
  twist: 
    linear: 
      x: 0.0
      y: 0.0
      z: 0.0
    angular: 
      x: 0.0
      y: 0.0
      z: 0.0
  covariance: [0.2, 0.0, 0.0, 0.0, 0.0, 0.0, 0.0, 0.2, 0.0, 0.0, 0.0, 0.0, 0.0, 0.0, 0.2, 0.0, 0.0, 0.0, 0.0, 0.0, 0.0, 0.2, 0.0, 0.0, 0.0, 0.0, 0.0, 0.0, 0.2, 0.0, 0.0, 0.0, 0.0, 0.0, 0.0, 0.2]header: 
  seq: 207745
  stamp: 
    secs: 1598579714
    nsecs: 712197679
  frame_id: "odom"
child_frame_id: "base_link"
pose: 
  pose: 
    position: 
      x: -0.004902032437760954
      y: -0.3128221859560635
      z: 0.0
    orientation: 
      x: 0.0
      y: -0.0
      z: -0.018888577272497417
      w: -0.9998215949101223
  covariance: [0.2, 0.0, 0.0, 0.0, 0.0, 0.0, 0.0, 0.2, 0.0, 0.0, 0.0, 0.0, 0.0, 0.0, 0.2, 0.0, 0.0, 0.0, 0.0, 0.0, 0.0, 0.2, 0.0, 0.0, 0.0, 0.0, 0.0, 0.0, 0.2, 0.0, 0.0, 0.0, 0.0, 0.0, 0.0, 0.2]
twist: 
  twist: 
    linear: 
      x: 0.0
      y: 0.0
      z: 0.0
    angular: 
      x: 0.0
      y: 0.0
      z: 0.0
  covariance: [0.2, 0.0, 0.0, 0.0, 0.0, 0.0, 0.0, 0.2, 0.0, 0.0, 0.0, 0.0, 0.0, 0.0, 0.2, 0.0, 0.0, 0.0, 0.0, 0.0, 0.0, 0.2, 0.0, 0.0, 0.0, 0.0, 0.0, 0.0, 0.2, 0.0, 0.0, 0.0, 0.0, 0.0, 0.0, 0.2]header: 
  seq: 207746
  stamp: 
    secs: 1598579714
    nsecs: 762198241
  frame_id: "odom"
child_frame_id: "base_link"
pose: 
  pose: 
    position: 
      x: -0.004902032437760954
      y: -0.3128221859560635
      z: 0.0
    orientation: 
      x: 0.0
      y: -0.0
      z: -0.018888577272497417
      w: -0.9998215949101223
  covariance: [0.2, 0.0, 0.0, 0.0, 0.0, 0.0, 0.0, 0.2, 0.0, 0.0, 0.0, 0.0, 0.0, 0.0, 0.2, 0.0, 0.0, 0.0, 0.0, 0.0, 0.0, 0.2, 0.0, 0.0, 0.0, 0.0, 0.0, 0.0, 0.2, 0.0, 0.0, 0.0, 0.0, 0.0, 0.0, 0.2]
twist: 
  twist: 
    linear: 
      x: 0.0
      y: 0.0
      z: 0.0
    angular: 
      x: 0.0
      y: 0.0
      z: 0.0
  covariance: [0.2, 0.0, 0.0, 0.0, 0.0, 0.0, 0.0, 0.2, 0.0, 0.0, 0.0, 0.0, 0.0, 0.0, 0.2, 0.0, 0.0, 0.0, 0.0, 0.0, 0.0, 0.2, 0.0, 0.0, 0.0, 0.0, 0.0, 0.0, 0.2, 0.0, 0.0, 0.0, 0.0, 0.0, 0.0, 0.2]header: 
  seq: 207747
  stamp: 
    secs: 1598579714
    nsecs: 812197025
  frame_id: "odom"
child_frame_id: "base_link"
pose: 
  pose: 
    position: 
      x: -0.004902032437760954
      y: -0.3128221859560635
      z: 0.0
    orientation: 
      x: 0.0
      y: -0.0
      z: -0.018888577272497417
      w: -0.9998215949101223
  covariance: [0.2, 0.0, 0.0, 0.0, 0.0, 0.0, 0.0, 0.2, 0.0, 0.0, 0.0, 0.0, 0.0, 0.0, 0.2, 0.0, 0.0, 0.0, 0.0, 0.0, 0.0, 0.2, 0.0, 0.0, 0.0, 0.0, 0.0, 0.0, 0.2, 0.0, 0.0, 0.0, 0.0, 0.0, 0.0, 0.2]
twist: 
  twist: 
    linear: 
      x: 0.0
      y: 0.0
      z: 0.0
    angular: 
      x: 0.0
      y: 0.0
      z: 0.0
  covariance: [0.2, 0.0, 0.0, 0.0, 0.0, 0.0, 0.0, 0.2, 0.0, 0.0, 0.0, 0.0, 0.0, 0.0, 0.2, 0.0, 0.0, 0.0, 0.0, 0.0, 0.0, 0.2, 0.0, 0.0, 0.0, 0.0, 0.0, 0.0, 0.2, 0.0, 0.0, 0.0, 0.0, 0.0, 0.0, 0.2]header: 
  seq: 207748
  stamp: 
    secs: 1598579714
    nsecs: 862200049
  frame_id: "odom"
child_frame_id: "base_link"
pose: 
  pose: 
    position: 
      x: -0.004902032437760954
      y: -0.3128221859560635
      z: 0.0
    orientation: 
      x: 0.0
      y: -0.0
      z: -0.018888577272497417
      w: -0.9998215949101223
  covariance: [0.2, 0.0, 0.0, 0.0, 0.0, 0.0, 0.0, 0.2, 0.0, 0.0, 0.0, 0.0, 0.0, 0.0, 0.2, 0.0, 0.0, 0.0, 0.0, 0.0, 0.0, 0.2, 0.0, 0.0, 0.0, 0.0, 0.0, 0.0, 0.2, 0.0, 0.0, 0.0, 0.0, 0.0, 0.0, 0.2]
twist: 
  twist: 
    linear: 
      x: 0.0
      y: 0.0
      z: 0.0
    angular: 
      x: 0.0
      y: 0.0
      z: 0.0
  covariance: [0.2, 0.0, 0.0, 0.0, 0.0, 0.0, 0.0, 0.2, 0.0, 0.0, 0.0, 0.0, 0.0, 0.0, 0.2, 0.0, 0.0, 0.0, 0.0, 0.0, 0.0, 0.2, 0.0, 0.0, 0.0, 0.0, 0.0, 0.0, 0.2, 0.0, 0.0, 0.0, 0.0, 0.0, 0.0, 0.2]header: 
  seq: 207749
  stamp: 
    secs: 1598579714
    nsecs: 912198111
  frame_id: "odom"
child_frame_id: "base_link"
pose: 
  pose: 
    position: 
      x: -0.004902032437760954
      y: -0.3128221859560635
      z: 0.0
    orientation: 
      x: 0.0
      y: -0.0
      z: -0.018888577272497417
      w: -0.9998215949101223
  covariance: [0.2, 0.0, 0.0, 0.0, 0.0, 0.0, 0.0, 0.2, 0.0, 0.0, 0.0, 0.0, 0.0, 0.0, 0.2, 0.0, 0.0, 0.0, 0.0, 0.0, 0.0, 0.2, 0.0, 0.0, 0.0, 0.0, 0.0, 0.0, 0.2, 0.0, 0.0, 0.0, 0.0, 0.0, 0.0, 0.2]
twist: 
  twist: 
    linear: 
      x: 0.0
      y: 0.0
      z: 0.0
    angular: 
      x: 0.0
      y: 0.0
      z: 0.0
  covariance: [0.2, 0.0, 0.0, 0.0, 0.0, 0.0, 0.0, 0.2, 0.0, 0.0, 0.0, 0.0, 0.0, 0.0, 0.2, 0.0, 0.0, 0.0, 0.0, 0.0, 0.0, 0.2, 0.0, 0.0, 0.0, 0.0, 0.0, 0.0, 0.2, 0.0, 0.0, 0.0, 0.0, 0.0, 0.0, 0.2]header: 
  seq: 207750
  stamp: 
    secs: 1598579714
    nsecs: 962196914
  frame_id: "odom"
child_frame_id: "base_link"
pose: 
  pose: 
    position: 
      x: -0.004902032437760954
      y: -0.3128221859560635
      z: 0.0
    orientation: 
      x: 0.0
      y: -0.0
      z: -0.018888577272497417
      w: -0.9998215949101223
  covariance: [0.2, 0.0, 0.0, 0.0, 0.0, 0.0, 0.0, 0.2, 0.0, 0.0, 0.0, 0.0, 0.0, 0.0, 0.2, 0.0, 0.0, 0.0, 0.0, 0.0, 0.0, 0.2, 0.0, 0.0, 0.0, 0.0, 0.0, 0.0, 0.2, 0.0, 0.0, 0.0, 0.0, 0.0, 0.0, 0.2]
twist: 
  twist: 
    linear: 
      x: 0.0
      y: 0.0
      z: 0.0
    angular: 
      x: 0.0
      y: 0.0
      z: 0.0
  covariance: [0.2, 0.0, 0.0, 0.0, 0.0, 0.0, 0.0, 0.2, 0.0, 0.0, 0.0, 0.0, 0.0, 0.0, 0.2, 0.0, 0.0, 0.0, 0.0, 0.0, 0.0, 0.2, 0.0, 0.0, 0.0, 0.0, 0.0, 0.0, 0.2, 0.0, 0.0, 0.0, 0.0, 0.0, 0.0, 0.2]header: 
  seq: 207751
  stamp: 
    secs: 1598579715
    nsecs:  12201401
  frame_id: "odom"
child_frame_id: "base_link"
pose: 
  pose: 
    position: 
      x: -0.004902032437760954
      y: -0.3128221859560635
      z: 0.0
    orientation: 
      x: 0.0
      y: -0.0
      z: -0.018888577272497417
      w: -0.9998215949101223
  covariance: [0.2, 0.0, 0.0, 0.0, 0.0, 0.0, 0.0, 0.2, 0.0, 0.0, 0.0, 0.0, 0.0, 0.0, 0.2, 0.0, 0.0, 0.0, 0.0, 0.0, 0.0, 0.2, 0.0, 0.0, 0.0, 0.0, 0.0, 0.0, 0.2, 0.0, 0.0, 0.0, 0.0, 0.0, 0.0, 0.2]
twist: 
  twist: 
    linear: 
      x: 0.0
      y: 0.0
      z: 0.0
    angular: 
      x: 0.0
      y: 0.0
      z: 0.0
  covariance: [0.2, 0.0, 0.0, 0.0, 0.0, 0.0, 0.0, 0.2, 0.0, 0.0, 0.0, 0.0, 0.0, 0.0, 0.2, 0.0, 0.0, 0.0, 0.0, 0.0, 0.0, 0.2, 0.0, 0.0, 0.0, 0.0, 0.0, 0.0, 0.2, 0.0, 0.0, 0.0, 0.0, 0.0, 0.0, 0.2]header: 
  seq: 207752
  stamp: 
    secs: 1598579715
    nsecs:  62202093
  frame_id: "odom"
child_frame_id: "base_link"
pose: 
  pose: 
    position: 
      x: -0.004902032437760954
      y: -0.3128221859560635
      z: 0.0
    orientation: 
      x: 0.0
      y: -0.0
      z: -0.018888577272497417
      w: -0.9998215949101223
  covariance: [0.2, 0.0, 0.0, 0.0, 0.0, 0.0, 0.0, 0.2, 0.0, 0.0, 0.0, 0.0, 0.0, 0.0, 0.2, 0.0, 0.0, 0.0, 0.0, 0.0, 0.0, 0.2, 0.0, 0.0, 0.0, 0.0, 0.0, 0.0, 0.2, 0.0, 0.0, 0.0, 0.0, 0.0, 0.0, 0.2]
twist: 
  twist: 
    linear: 
      x: 0.0
      y: 0.0
      z: 0.0
    angular: 
      x: 0.0
      y: 0.0
      z: 0.0
  covariance: [0.2, 0.0, 0.0, 0.0, 0.0, 0.0, 0.0, 0.2, 0.0, 0.0, 0.0, 0.0, 0.0, 0.0, 0.2, 0.0, 0.0, 0.0, 0.0, 0.0, 0.0, 0.2, 0.0, 0.0, 0.0, 0.0, 0.0, 0.0, 0.2, 0.0, 0.0, 0.0, 0.0, 0.0, 0.0, 0.2]header: 
  seq: 207753
  stamp: 
    secs: 1598579715
    nsecs: 112196266
  frame_id: "odom"
child_frame_id: "base_link"
pose: 
  pose: 
    position: 
      x: -0.004902032437760954
      y: -0.3128221859560635
      z: 0.0
    orientation: 
      x: 0.0
      y: -0.0
      z: -0.018888577272497417
      w: -0.9998215949101223
  covariance: [0.2, 0.0, 0.0, 0.0, 0.0, 0.0, 0.0, 0.2, 0.0, 0.0, 0.0, 0.0, 0.0, 0.0, 0.2, 0.0, 0.0, 0.0, 0.0, 0.0, 0.0, 0.2, 0.0, 0.0, 0.0, 0.0, 0.0, 0.0, 0.2, 0.0, 0.0, 0.0, 0.0, 0.0, 0.0, 0.2]
twist: 
  twist: 
    linear: 
      x: 0.0
      y: 0.0
      z: 0.0
    angular: 
      x: 0.0
      y: 0.0
      z: 0.0
  covariance: [0.2, 0.0, 0.0, 0.0, 0.0, 0.0, 0.0, 0.2, 0.0, 0.0, 0.0, 0.0, 0.0, 0.0, 0.2, 0.0, 0.0, 0.0, 0.0, 0.0, 0.0, 0.2, 0.0, 0.0, 0.0, 0.0, 0.0, 0.0, 0.2, 0.0, 0.0, 0.0, 0.0, 0.0, 0.0, 0.2]header: 
  seq: 207754
  stamp: 
    secs: 1598579715
    nsecs: 162203235
  frame_id: "odom"
child_frame_id: "base_link"
pose: 
  pose: 
    position: 
      x: -0.004902032437760954
      y: -0.3128221859560635
      z: 0.0
    orientation: 
      x: 0.0
      y: -0.0
      z: -0.018888577272497417
      w: -0.9998215949101223
  covariance: [0.2, 0.0, 0.0, 0.0, 0.0, 0.0, 0.0, 0.2, 0.0, 0.0, 0.0, 0.0, 0.0, 0.0, 0.2, 0.0, 0.0, 0.0, 0.0, 0.0, 0.0, 0.2, 0.0, 0.0, 0.0, 0.0, 0.0, 0.0, 0.2, 0.0, 0.0, 0.0, 0.0, 0.0, 0.0, 0.2]
twist: 
  twist: 
    linear: 
      x: 0.0
      y: 0.0
      z: 0.0
    angular: 
      x: 0.0
      y: 0.0
      z: 0.0
  covariance: [0.2, 0.0, 0.0, 0.0, 0.0, 0.0, 0.0, 0.2, 0.0, 0.0, 0.0, 0.0, 0.0, 0.0, 0.2, 0.0, 0.0, 0.0, 0.0, 0.0, 0.0, 0.2, 0.0, 0.0, 0.0, 0.0, 0.0, 0.0, 0.2, 0.0, 0.0, 0.0, 0.0, 0.0, 0.0, 0.2]header: 
  seq: 207755
  stamp: 
    secs: 1598579715
    nsecs: 212196241
  frame_id: "odom"
child_frame_id: "base_link"
pose: 
  pose: 
    position: 
      x: -0.004902032437760954
      y: -0.3128221859560635
      z: 0.0
    orientation: 
      x: 0.0
      y: -0.0
      z: -0.018888577272497417
      w: -0.9998215949101223
  covariance: [0.2, 0.0, 0.0, 0.0, 0.0, 0.0, 0.0, 0.2, 0.0, 0.0, 0.0, 0.0, 0.0, 0.0, 0.2, 0.0, 0.0, 0.0, 0.0, 0.0, 0.0, 0.2, 0.0, 0.0, 0.0, 0.0, 0.0, 0.0, 0.2, 0.0, 0.0, 0.0, 0.0, 0.0, 0.0, 0.2]
twist: 
  twist: 
    linear: 
      x: 0.0
      y: 0.0
      z: 0.0
    angular: 
      x: 0.0
      y: 0.0
      z: 0.0
  covariance: [0.2, 0.0, 0.0, 0.0, 0.0, 0.0, 0.0, 0.2, 0.0, 0.0, 0.0, 0.0, 0.0, 0.0, 0.2, 0.0, 0.0, 0.0, 0.0, 0.0, 0.0, 0.2, 0.0, 0.0, 0.0, 0.0, 0.0, 0.0, 0.2, 0.0, 0.0, 0.0, 0.0, 0.0, 0.0, 0.2]header: 
  seq: 207756
  stamp: 
    secs: 1598579715
    nsecs: 262200618
  frame_id: "odom"
child_frame_id: "base_link"
pose: 
  pose: 
    position: 
      x: -0.004902032437760954
      y: -0.3128221859560635
      z: 0.0
    orientation: 
      x: 0.0
      y: -0.0
      z: -0.018888577272497417
      w: -0.9998215949101223
  covariance: [0.2, 0.0, 0.0, 0.0, 0.0, 0.0, 0.0, 0.2, 0.0, 0.0, 0.0, 0.0, 0.0, 0.0, 0.2, 0.0, 0.0, 0.0, 0.0, 0.0, 0.0, 0.2, 0.0, 0.0, 0.0, 0.0, 0.0, 0.0, 0.2, 0.0, 0.0, 0.0, 0.0, 0.0, 0.0, 0.2]
twist: 
  twist: 
    linear: 
      x: 0.0
      y: 0.0
      z: 0.0
    angular: 
      x: 0.0
      y: 0.0
      z: 0.0
  covariance: [0.2, 0.0, 0.0, 0.0, 0.0, 0.0, 0.0, 0.2, 0.0, 0.0, 0.0, 0.0, 0.0, 0.0, 0.2, 0.0, 0.0, 0.0, 0.0, 0.0, 0.0, 0.2, 0.0, 0.0, 0.0, 0.0, 0.0, 0.0, 0.2, 0.0, 0.0, 0.0, 0.0, 0.0, 0.0, 0.2]header: 
  seq: 207757
  stamp: 
    secs: 1598579715
    nsecs: 312199809
  frame_id: "odom"
child_frame_id: "base_link"
pose: 
  pose: 
    position: 
      x: -0.004902032437760954
      y: -0.3128221859560635
      z: 0.0
    orientation: 
      x: 0.0
      y: -0.0
      z: -0.018888577272497417
      w: -0.9998215949101223
  covariance: [0.2, 0.0, 0.0, 0.0, 0.0, 0.0, 0.0, 0.2, 0.0, 0.0, 0.0, 0.0, 0.0, 0.0, 0.2, 0.0, 0.0, 0.0, 0.0, 0.0, 0.0, 0.2, 0.0, 0.0, 0.0, 0.0, 0.0, 0.0, 0.2, 0.0, 0.0, 0.0, 0.0, 0.0, 0.0, 0.2]
twist: 
  twist: 
    linear: 
      x: 0.0
      y: 0.0
      z: 0.0
    angular: 
      x: 0.0
      y: 0.0
      z: 0.0
  covariance: [0.2, 0.0, 0.0, 0.0, 0.0, 0.0, 0.0, 0.2, 0.0, 0.0, 0.0, 0.0, 0.0, 0.0, 0.2, 0.0, 0.0, 0.0, 0.0, 0.0, 0.0, 0.2, 0.0, 0.0, 0.0, 0.0, 0.0, 0.0, 0.2, 0.0, 0.0, 0.0, 0.0, 0.0, 0.0, 0.2]header: 
  seq: 207758
  stamp: 
    secs: 1598579715
    nsecs: 362199112
  frame_id: "odom"
child_frame_id: "base_link"
pose: 
  pose: 
    position: 
      x: -0.004902032437760954
      y: -0.3128221859560635
      z: 0.0
    orientation: 
      x: 0.0
      y: -0.0
      z: -0.018888577272497417
      w: -0.9998215949101223
  covariance: [0.2, 0.0, 0.0, 0.0, 0.0, 0.0, 0.0, 0.2, 0.0, 0.0, 0.0, 0.0, 0.0, 0.0, 0.2, 0.0, 0.0, 0.0, 0.0, 0.0, 0.0, 0.2, 0.0, 0.0, 0.0, 0.0, 0.0, 0.0, 0.2, 0.0, 0.0, 0.0, 0.0, 0.0, 0.0, 0.2]
twist: 
  twist: 
    linear: 
      x: 0.0
      y: 0.0
      z: 0.0
    angular: 
      x: 0.0
      y: 0.0
      z: 0.0
  covariance: [0.2, 0.0, 0.0, 0.0, 0.0, 0.0, 0.0, 0.2, 0.0, 0.0, 0.0, 0.0, 0.0, 0.0, 0.2, 0.0, 0.0, 0.0, 0.0, 0.0, 0.0, 0.2, 0.0, 0.0, 0.0, 0.0, 0.0, 0.0, 0.2, 0.0, 0.0, 0.0, 0.0, 0.0, 0.0, 0.2]header: 
  seq: 207759
  stamp: 
    secs: 1598579715
    nsecs: 412196155
  frame_id: "odom"
child_frame_id: "base_link"
pose: 
  pose: 
    position: 
      x: -0.004902032437760954
      y: -0.3128221859560635
      z: 0.0
    orientation: 
      x: 0.0
      y: -0.0
      z: -0.018888577272497417
      w: -0.9998215949101223
  covariance: [0.2, 0.0, 0.0, 0.0, 0.0, 0.0, 0.0, 0.2, 0.0, 0.0, 0.0, 0.0, 0.0, 0.0, 0.2, 0.0, 0.0, 0.0, 0.0, 0.0, 0.0, 0.2, 0.0, 0.0, 0.0, 0.0, 0.0, 0.0, 0.2, 0.0, 0.0, 0.0, 0.0, 0.0, 0.0, 0.2]
twist: 
  twist: 
    linear: 
      x: 0.0
      y: 0.0
      z: 0.0
    angular: 
      x: 0.0
      y: 0.0
      z: 0.0
  covariance: [0.2, 0.0, 0.0, 0.0, 0.0, 0.0, 0.0, 0.2, 0.0, 0.0, 0.0, 0.0, 0.0, 0.0, 0.2, 0.0, 0.0, 0.0, 0.0, 0.0, 0.0, 0.2, 0.0, 0.0, 0.0, 0.0, 0.0, 0.0, 0.2, 0.0, 0.0, 0.0, 0.0, 0.0, 0.0, 0.2]header: 
  seq: 207760
  stamp: 
    secs: 1598579715
    nsecs: 462189902
  frame_id: "odom"
child_frame_id: "base_link"
pose: 
  pose: 
    position: 
      x: -0.004902032437760954
      y: -0.3128221859560635
      z: 0.0
    orientation: 
      x: 0.0
      y: -0.0
      z: -0.018888577272497417
      w: -0.9998215949101223
  covariance: [0.2, 0.0, 0.0, 0.0, 0.0, 0.0, 0.0, 0.2, 0.0, 0.0, 0.0, 0.0, 0.0, 0.0, 0.2, 0.0, 0.0, 0.0, 0.0, 0.0, 0.0, 0.2, 0.0, 0.0, 0.0, 0.0, 0.0, 0.0, 0.2, 0.0, 0.0, 0.0, 0.0, 0.0, 0.0, 0.2]
twist: 
  twist: 
    linear: 
      x: 0.0
      y: 0.0
      z: 0.0
    angular: 
      x: 0.0
      y: 0.0
      z: 0.0
  covariance: [0.2, 0.0, 0.0, 0.0, 0.0, 0.0, 0.0, 0.2, 0.0, 0.0, 0.0, 0.0, 0.0, 0.0, 0.2, 0.0, 0.0, 0.0, 0.0, 0.0, 0.0, 0.2, 0.0, 0.0, 0.0, 0.0, 0.0, 0.0, 0.2, 0.0, 0.0, 0.0, 0.0, 0.0, 0.0, 0.2]header: 
  seq: 207761
  stamp: 
    secs: 1598579715
    nsecs: 512196372
  frame_id: "odom"
child_frame_id: "base_link"
pose: 
  pose: 
    position: 
      x: -0.004902032437760954
      y: -0.3128221859560635
      z: 0.0
    orientation: 
      x: 0.0
      y: -0.0
      z: -0.018888577272497417
      w: -0.9998215949101223
  covariance: [0.2, 0.0, 0.0, 0.0, 0.0, 0.0, 0.0, 0.2, 0.0, 0.0, 0.0, 0.0, 0.0, 0.0, 0.2, 0.0, 0.0, 0.0, 0.0, 0.0, 0.0, 0.2, 0.0, 0.0, 0.0, 0.0, 0.0, 0.0, 0.2, 0.0, 0.0, 0.0, 0.0, 0.0, 0.0, 0.2]
twist: 
  twist: 
    linear: 
      x: 0.0
      y: 0.0
      z: 0.0
    angular: 
      x: 0.0
      y: 0.0
      z: 0.0
  covariance: [0.2, 0.0, 0.0, 0.0, 0.0, 0.0, 0.0, 0.2, 0.0, 0.0, 0.0, 0.0, 0.0, 0.0, 0.2, 0.0, 0.0, 0.0, 0.0, 0.0, 0.0, 0.2, 0.0, 0.0, 0.0, 0.0, 0.0, 0.0, 0.2, 0.0, 0.0, 0.0, 0.0, 0.0, 0.0, 0.2]header: 
  seq: 207762
  stamp: 
    secs: 1598579715
    nsecs: 562195507
  frame_id: "odom"
child_frame_id: "base_link"
pose: 
  pose: 
    position: 
      x: -0.004902032437760954
      y: -0.3128221859560635
      z: 0.0
    orientation: 
      x: 0.0
      y: -0.0
      z: -0.018888577272497417
      w: -0.9998215949101223
  covariance: [0.2, 0.0, 0.0, 0.0, 0.0, 0.0, 0.0, 0.2, 0.0, 0.0, 0.0, 0.0, 0.0, 0.0, 0.2, 0.0, 0.0, 0.0, 0.0, 0.0, 0.0, 0.2, 0.0, 0.0, 0.0, 0.0, 0.0, 0.0, 0.2, 0.0, 0.0, 0.0, 0.0, 0.0, 0.0, 0.2]
twist: 
  twist: 
    linear: 
      x: 0.0
      y: 0.0
      z: 0.0
    angular: 
      x: 0.0
      y: 0.0
      z: 0.0
  covariance: [0.2, 0.0, 0.0, 0.0, 0.0, 0.0, 0.0, 0.2, 0.0, 0.0, 0.0, 0.0, 0.0, 0.0, 0.2, 0.0, 0.0, 0.0, 0.0, 0.0, 0.0, 0.2, 0.0, 0.0, 0.0, 0.0, 0.0, 0.0, 0.2, 0.0, 0.0, 0.0, 0.0, 0.0, 0.0, 0.2]header: 
  seq: 207763
  stamp: 
    secs: 1598579715
    nsecs: 612196699
  frame_id: "odom"
child_frame_id: "base_link"
pose: 
  pose: 
    position: 
      x: -0.004902032437760954
      y: -0.3128221859560635
      z: 0.0
    orientation: 
      x: 0.0
      y: -0.0
      z: -0.018888577272497417
      w: -0.9998215949101223
  covariance: [0.2, 0.0, 0.0, 0.0, 0.0, 0.0, 0.0, 0.2, 0.0, 0.0, 0.0, 0.0, 0.0, 0.0, 0.2, 0.0, 0.0, 0.0, 0.0, 0.0, 0.0, 0.2, 0.0, 0.0, 0.0, 0.0, 0.0, 0.0, 0.2, 0.0, 0.0, 0.0, 0.0, 0.0, 0.0, 0.2]
twist: 
  twist: 
    linear: 
      x: 0.0
      y: 0.0
      z: 0.0
    angular: 
      x: 0.0
      y: 0.0
      z: 0.0
  covariance: [0.2, 0.0, 0.0, 0.0, 0.0, 0.0, 0.0, 0.2, 0.0, 0.0, 0.0, 0.0, 0.0, 0.0, 0.2, 0.0, 0.0, 0.0, 0.0, 0.0, 0.0, 0.2, 0.0, 0.0, 0.0, 0.0, 0.0, 0.0, 0.2, 0.0, 0.0, 0.0, 0.0, 0.0, 0.0, 0.2]header: 
  seq: 207764
  stamp: 
    secs: 1598579715
    nsecs: 662197131
  frame_id: "odom"
child_frame_id: "base_link"
pose: 
  pose: 
    position: 
      x: -0.004902032437760954
      y: -0.3128221859560635
      z: 0.0
    orientation: 
      x: 0.0
      y: -0.0
      z: -0.018888577272497417
      w: -0.9998215949101223
  covariance: [0.2, 0.0, 0.0, 0.0, 0.0, 0.0, 0.0, 0.2, 0.0, 0.0, 0.0, 0.0, 0.0, 0.0, 0.2, 0.0, 0.0, 0.0, 0.0, 0.0, 0.0, 0.2, 0.0, 0.0, 0.0, 0.0, 0.0, 0.0, 0.2, 0.0, 0.0, 0.0, 0.0, 0.0, 0.0, 0.2]
twist: 
  twist: 
    linear: 
      x: 0.0
      y: 0.0
      z: 0.0
    angular: 
      x: 0.0
      y: 0.0
      z: 0.0
  covariance: [0.2, 0.0, 0.0, 0.0, 0.0, 0.0, 0.0, 0.2, 0.0, 0.0, 0.0, 0.0, 0.0, 0.0, 0.2, 0.0, 0.0, 0.0, 0.0, 0.0, 0.0, 0.2, 0.0, 0.0, 0.0, 0.0, 0.0, 0.0, 0.2, 0.0, 0.0, 0.0, 0.0, 0.0, 0.0, 0.2]header: 
  seq: 207765
  stamp: 
    secs: 1598579715
    nsecs: 712195582
  frame_id: "odom"
child_frame_id: "base_link"
pose: 
  pose: 
    position: 
      x: -0.004902032437760954
      y: -0.3128221859560635
      z: 0.0
    orientation: 
      x: 0.0
      y: -0.0
      z: -0.018888577272497417
      w: -0.9998215949101223
  covariance: [0.2, 0.0, 0.0, 0.0, 0.0, 0.0, 0.0, 0.2, 0.0, 0.0, 0.0, 0.0, 0.0, 0.0, 0.2, 0.0, 0.0, 0.0, 0.0, 0.0, 0.0, 0.2, 0.0, 0.0, 0.0, 0.0, 0.0, 0.0, 0.2, 0.0, 0.0, 0.0, 0.0, 0.0, 0.0, 0.2]
twist: 
  twist: 
    linear: 
      x: 0.0
      y: 0.0
      z: 0.0
    angular: 
      x: 0.0
      y: 0.0
      z: 0.0
  covariance: [0.2, 0.0, 0.0, 0.0, 0.0, 0.0, 0.0, 0.2, 0.0, 0.0, 0.0, 0.0, 0.0, 0.0, 0.2, 0.0, 0.0, 0.0, 0.0, 0.0, 0.0, 0.2, 0.0, 0.0, 0.0, 0.0, 0.0, 0.0, 0.2, 0.0, 0.0, 0.0, 0.0, 0.0, 0.0, 0.2]header: 
  seq: 207766
  stamp: 
    secs: 1598579715
    nsecs: 762200477
  frame_id: "odom"
child_frame_id: "base_link"
pose: 
  pose: 
    position: 
      x: -0.004902032437760954
      y: -0.3128221859560635
      z: 0.0
    orientation: 
      x: 0.0
      y: -0.0
      z: -0.018888577272497417
      w: -0.9998215949101223
  covariance: [0.2, 0.0, 0.0, 0.0, 0.0, 0.0, 0.0, 0.2, 0.0, 0.0, 0.0, 0.0, 0.0, 0.0, 0.2, 0.0, 0.0, 0.0, 0.0, 0.0, 0.0, 0.2, 0.0, 0.0, 0.0, 0.0, 0.0, 0.0, 0.2, 0.0, 0.0, 0.0, 0.0, 0.0, 0.0, 0.2]
twist: 
  twist: 
    linear: 
      x: 0.0
      y: 0.0
      z: 0.0
    angular: 
      x: 0.0
      y: 0.0
      z: 0.0
  covariance: [0.2, 0.0, 0.0, 0.0, 0.0, 0.0, 0.0, 0.2, 0.0, 0.0, 0.0, 0.0, 0.0, 0.0, 0.2, 0.0, 0.0, 0.0, 0.0, 0.0, 0.0, 0.2, 0.0, 0.0, 0.0, 0.0, 0.0, 0.0, 0.2, 0.0, 0.0, 0.0, 0.0, 0.0, 0.0, 0.2]header: 
  seq: 207767
  stamp: 
    secs: 1598579715
    nsecs: 812201390
  frame_id: "odom"
child_frame_id: "base_link"
pose: 
  pose: 
    position: 
      x: -0.004902032437760954
      y: -0.3128221859560635
      z: 0.0
    orientation: 
      x: 0.0
      y: -0.0
      z: -0.018888577272497417
      w: -0.9998215949101223
  covariance: [0.2, 0.0, 0.0, 0.0, 0.0, 0.0, 0.0, 0.2, 0.0, 0.0, 0.0, 0.0, 0.0, 0.0, 0.2, 0.0, 0.0, 0.0, 0.0, 0.0, 0.0, 0.2, 0.0, 0.0, 0.0, 0.0, 0.0, 0.0, 0.2, 0.0, 0.0, 0.0, 0.0, 0.0, 0.0, 0.2]
twist: 
  twist: 
    linear: 
      x: 0.0
      y: 0.0
      z: 0.0
    angular: 
      x: 0.0
      y: 0.0
      z: 0.0
  covariance: [0.2, 0.0, 0.0, 0.0, 0.0, 0.0, 0.0, 0.2, 0.0, 0.0, 0.0, 0.0, 0.0, 0.0, 0.2, 0.0, 0.0, 0.0, 0.0, 0.0, 0.0, 0.2, 0.0, 0.0, 0.0, 0.0, 0.0, 0.0, 0.2, 0.0, 0.0, 0.0, 0.0, 0.0, 0.0, 0.2]header: 
  seq: 207768
  stamp: 
    secs: 1598579715
    nsecs: 862199508
  frame_id: "odom"
child_frame_id: "base_link"
pose: 
  pose: 
    position: 
      x: -0.004902032437760954
      y: -0.3128221859560635
      z: 0.0
    orientation: 
      x: 0.0
      y: -0.0
      z: -0.018888577272497417
      w: -0.9998215949101223
  covariance: [0.2, 0.0, 0.0, 0.0, 0.0, 0.0, 0.0, 0.2, 0.0, 0.0, 0.0, 0.0, 0.0, 0.0, 0.2, 0.0, 0.0, 0.0, 0.0, 0.0, 0.0, 0.2, 0.0, 0.0, 0.0, 0.0, 0.0, 0.0, 0.2, 0.0, 0.0, 0.0, 0.0, 0.0, 0.0, 0.2]
twist: 
  twist: 
    linear: 
      x: 0.0
      y: 0.0
      z: 0.0
    angular: 
      x: 0.0
      y: 0.0
      z: 0.0
  covariance: [0.2, 0.0, 0.0, 0.0, 0.0, 0.0, 0.0, 0.2, 0.0, 0.0, 0.0, 0.0, 0.0, 0.0, 0.2, 0.0, 0.0, 0.0, 0.0, 0.0, 0.0, 0.2, 0.0, 0.0, 0.0, 0.0, 0.0, 0.0, 0.2, 0.0, 0.0, 0.0, 0.0, 0.0, 0.0, 0.2]header: 
  seq: 207769
  stamp: 
    secs: 1598579715
    nsecs: 912196588
  frame_id: "odom"
child_frame_id: "base_link"
pose: 
  pose: 
    position: 
      x: -0.004902032437760954
      y: -0.3128221859560635
      z: 0.0
    orientation: 
      x: 0.0
      y: -0.0
      z: -0.018888577272497417
      w: -0.9998215949101223
  covariance: [0.2, 0.0, 0.0, 0.0, 0.0, 0.0, 0.0, 0.2, 0.0, 0.0, 0.0, 0.0, 0.0, 0.0, 0.2, 0.0, 0.0, 0.0, 0.0, 0.0, 0.0, 0.2, 0.0, 0.0, 0.0, 0.0, 0.0, 0.0, 0.2, 0.0, 0.0, 0.0, 0.0, 0.0, 0.0, 0.2]
twist: 
  twist: 
    linear: 
      x: 0.0
      y: 0.0
      z: 0.0
    angular: 
      x: 0.0
      y: 0.0
      z: 0.0
  covariance: [0.2, 0.0, 0.0, 0.0, 0.0, 0.0, 0.0, 0.2, 0.0, 0.0, 0.0, 0.0, 0.0, 0.0, 0.2, 0.0, 0.0, 0.0, 0.0, 0.0, 0.0, 0.2, 0.0, 0.0, 0.0, 0.0, 0.0, 0.0, 0.2, 0.0, 0.0, 0.0, 0.0, 0.0, 0.0, 0.2]header: 
  seq: 207770
  stamp: 
    secs: 1598579715
    nsecs: 962201039
  frame_id: "odom"
child_frame_id: "base_link"
pose: 
  pose: 
    position: 
      x: -0.004902032437760954
      y: -0.3128221859560635
      z: 0.0
    orientation: 
      x: 0.0
      y: -0.0
      z: -0.018888577272497417
      w: -0.9998215949101223
  covariance: [0.2, 0.0, 0.0, 0.0, 0.0, 0.0, 0.0, 0.2, 0.0, 0.0, 0.0, 0.0, 0.0, 0.0, 0.2, 0.0, 0.0, 0.0, 0.0, 0.0, 0.0, 0.2, 0.0, 0.0, 0.0, 0.0, 0.0, 0.0, 0.2, 0.0, 0.0, 0.0, 0.0, 0.0, 0.0, 0.2]
twist: 
  twist: 
    linear: 
      x: 0.0
      y: 0.0
      z: 0.0
    angular: 
      x: 0.0
      y: 0.0
      z: 0.0
  covariance: [0.2, 0.0, 0.0, 0.0, 0.0, 0.0, 0.0, 0.2, 0.0, 0.0, 0.0, 0.0, 0.0, 0.0, 0.2, 0.0, 0.0, 0.0, 0.0, 0.0, 0.0, 0.2, 0.0, 0.0, 0.0, 0.0, 0.0, 0.0, 0.2, 0.0, 0.0, 0.0, 0.0, 0.0, 0.0, 0.2]header: 
  seq: 207771
  stamp: 
    secs: 1598579716
    nsecs:  12197693
  frame_id: "odom"
child_frame_id: "base_link"
pose: 
  pose: 
    position: 
      x: -0.004902032437760954
      y: -0.3128221859560635
      z: 0.0
    orientation: 
      x: 0.0
      y: -0.0
      z: -0.018888577272497417
      w: -0.9998215949101223
  covariance: [0.2, 0.0, 0.0, 0.0, 0.0, 0.0, 0.0, 0.2, 0.0, 0.0, 0.0, 0.0, 0.0, 0.0, 0.2, 0.0, 0.0, 0.0, 0.0, 0.0, 0.0, 0.2, 0.0, 0.0, 0.0, 0.0, 0.0, 0.0, 0.2, 0.0, 0.0, 0.0, 0.0, 0.0, 0.0, 0.2]
twist: 
  twist: 
    linear: 
      x: 0.0
      y: 0.0
      z: 0.0
    angular: 
      x: 0.0
      y: 0.0
      z: 0.0
  covariance: [0.2, 0.0, 0.0, 0.0, 0.0, 0.0, 0.0, 0.2, 0.0, 0.0, 0.0, 0.0, 0.0, 0.0, 0.2, 0.0, 0.0, 0.0, 0.0, 0.0, 0.0, 0.2, 0.0, 0.0, 0.0, 0.0, 0.0, 0.0, 0.2, 0.0, 0.0, 0.0, 0.0, 0.0, 0.0, 0.2]header: 
  seq: 207772
  stamp: 
    secs: 1598579716
    nsecs:  62183959
  frame_id: "odom"
child_frame_id: "base_link"
pose: 
  pose: 
    position: 
      x: -0.004902032437760954
      y: -0.3128221859560635
      z: 0.0
    orientation: 
      x: 0.0
      y: -0.0
      z: -0.018888577272497417
      w: -0.9998215949101223
  covariance: [0.2, 0.0, 0.0, 0.0, 0.0, 0.0, 0.0, 0.2, 0.0, 0.0, 0.0, 0.0, 0.0, 0.0, 0.2, 0.0, 0.0, 0.0, 0.0, 0.0, 0.0, 0.2, 0.0, 0.0, 0.0, 0.0, 0.0, 0.0, 0.2, 0.0, 0.0, 0.0, 0.0, 0.0, 0.0, 0.2]
twist: 
  twist: 
    linear: 
      x: 0.0
      y: 0.0
      z: 0.0
    angular: 
      x: 0.0
      y: 0.0
      z: 0.0
  covariance: [0.2, 0.0, 0.0, 0.0, 0.0, 0.0, 0.0, 0.2, 0.0, 0.0, 0.0, 0.0, 0.0, 0.0, 0.2, 0.0, 0.0, 0.0, 0.0, 0.0, 0.0, 0.2, 0.0, 0.0, 0.0, 0.0, 0.0, 0.0, 0.2, 0.0, 0.0, 0.0, 0.0, 0.0, 0.0, 0.2]header: 
  seq: 207773
  stamp: 
    secs: 1598579716
    nsecs: 112165873
  frame_id: "odom"
child_frame_id: "base_link"
pose: 
  pose: 
    position: 
      x: -0.004902032437760954
      y: -0.3128221859560635
      z: 0.0
    orientation: 
      x: 0.0
      y: -0.0
      z: -0.018888577272497417
      w: -0.9998215949101223
  covariance: [0.2, 0.0, 0.0, 0.0, 0.0, 0.0, 0.0, 0.2, 0.0, 0.0, 0.0, 0.0, 0.0, 0.0, 0.2, 0.0, 0.0, 0.0, 0.0, 0.0, 0.0, 0.2, 0.0, 0.0, 0.0, 0.0, 0.0, 0.0, 0.2, 0.0, 0.0, 0.0, 0.0, 0.0, 0.0, 0.2]
twist: 
  twist: 
    linear: 
      x: 0.0
      y: 0.0
      z: 0.0
    angular: 
      x: 0.0
      y: 0.0
      z: 0.0
  covariance: [0.2, 0.0, 0.0, 0.0, 0.0, 0.0, 0.0, 0.2, 0.0, 0.0, 0.0, 0.0, 0.0, 0.0, 0.2, 0.0, 0.0, 0.0, 0.0, 0.0, 0.0, 0.2, 0.0, 0.0, 0.0, 0.0, 0.0, 0.0, 0.2, 0.0, 0.0, 0.0, 0.0, 0.0, 0.0, 0.2]header: 
  seq: 207774
  stamp: 
    secs: 1598579716
    nsecs: 162196379
  frame_id: "odom"
child_frame_id: "base_link"
pose: 
  pose: 
    position: 
      x: -0.004902032437760954
      y: -0.3128221859560635
      z: 0.0
    orientation: 
      x: 0.0
      y: -0.0
      z: -0.018888577272497417
      w: -0.9998215949101223
  covariance: [0.2, 0.0, 0.0, 0.0, 0.0, 0.0, 0.0, 0.2, 0.0, 0.0, 0.0, 0.0, 0.0, 0.0, 0.2, 0.0, 0.0, 0.0, 0.0, 0.0, 0.0, 0.2, 0.0, 0.0, 0.0, 0.0, 0.0, 0.0, 0.2, 0.0, 0.0, 0.0, 0.0, 0.0, 0.0, 0.2]
twist: 
  twist: 
    linear: 
      x: 0.0
      y: 0.0
      z: 0.0
    angular: 
      x: 0.0
      y: 0.0
      z: 0.0
  covariance: [0.2, 0.0, 0.0, 0.0, 0.0, 0.0, 0.0, 0.2, 0.0, 0.0, 0.0, 0.0, 0.0, 0.0, 0.2, 0.0, 0.0, 0.0, 0.0, 0.0, 0.0, 0.2, 0.0, 0.0, 0.0, 0.0, 0.0, 0.0, 0.2, 0.0, 0.0, 0.0, 0.0, 0.0, 0.0, 0.2]header: 
  seq: 207775
  stamp: 
    secs: 1598579716
    nsecs: 212197441
  frame_id: "odom"
child_frame_id: "base_link"
pose: 
  pose: 
    position: 
      x: -0.004902032437760954
      y: -0.3128221859560635
      z: 0.0
    orientation: 
      x: 0.0
      y: -0.0
      z: -0.018888577272497417
      w: -0.9998215949101223
  covariance: [0.2, 0.0, 0.0, 0.0, 0.0, 0.0, 0.0, 0.2, 0.0, 0.0, 0.0, 0.0, 0.0, 0.0, 0.2, 0.0, 0.0, 0.0, 0.0, 0.0, 0.0, 0.2, 0.0, 0.0, 0.0, 0.0, 0.0, 0.0, 0.2, 0.0, 0.0, 0.0, 0.0, 0.0, 0.0, 0.2]
twist: 
  twist: 
    linear: 
      x: 0.0
      y: 0.0
      z: 0.0
    angular: 
      x: 0.0
      y: 0.0
      z: 0.0
  covariance: [0.2, 0.0, 0.0, 0.0, 0.0, 0.0, 0.0, 0.2, 0.0, 0.0, 0.0, 0.0, 0.0, 0.0, 0.2, 0.0, 0.0, 0.0, 0.0, 0.0, 0.0, 0.2, 0.0, 0.0, 0.0, 0.0, 0.0, 0.0, 0.2, 0.0, 0.0, 0.0, 0.0, 0.0, 0.0, 0.2]
